100
0.025
0.001256637056443272
0.00125565557716547
0.001252714282332497
0.001247823277642974
0.001240999360109935
0.001232265948923556
0.00122165298908076
0.001209196828223568
0.001194940067242436
0.001178931385318626
0.00116122534019086
0.001141882144546079
0.001120967419540629
0.001098551926556375
0.00107471127839483
0.001049525631205597
0.001023079358525852
0.000995460708887915
0.0009667614485221739
0.0009370764907469788
0.00090650351369263
0.0008751425680558055
0.0008430956766202727
0.0008104664273130968
0.0007773595615888099
0.0007438805599483451
0.0007101352264088518
0.0006762292737368935
0.0006422679112488201
0.0006083554369630894
0.0005745948358632154
0.0005410873859945001
0.0005079322740761744
0.0004752262222587995
0.0004430631276012505
0.0004115337157738862
0.0003807252104251105
0.0003507210195697766
0.0003216004402733955
0.0002934383828173596
0.0002663051154348298
0.0002402660306082548
0.0002153814338146768
0.0001917063555001734
0.0001692903869518608
0.0001481775406247088
0.0001284061353649449
0.0001100087068561034
9.3011943495582e-05
7.743664779344802e-05
6.329772326675652e-05
5.060418668746377e-05
3.935920542577198e-05
2.956015951887385e-05
2.119872798353017e-05
1.426099878391008e-05
8.727601761438137e-06
4.573863733723757e-06
1.769984873306713e-06
2.812353866560629e-07
6.817142759449371e-08
1.086869099736961e-06
3.289175328288642e-06
6.622974313919966e-06
1.103246822027943e-05
1.645847069239286e-05
2.283871175620512e-05
3.010815260904897e-05
3.819930877893064e-05
4.704258010466066e-05
5.656658597180684e-05
6.669850422935459e-05
7.736441220923876e-05
8.848962827636896e-05
9.999905234919132e-05
0.0001118175038501993
0.0001238700555737726
0.0001360823619916823
0.0001483809805576894
0.0001606936846199324
0.0001729497666031739
0.0001850803301820133
0.0001970185702309379
0.0002087000394076239
0.0002200629003000897
0.0002310481621474642
0.0002415999012277388
0.0002516654640921155
0.0002611956529155235
0.0002701448923244865
0.0002784713771592821
0.0002861372007219074
0.0002931084631591973
0.0002993553597289262
0.0003048522487934968
0.0003095776994846182
0.0003135145190788686
0.0003166497602200684
0.0003189747082177078
0.0003204848487437301
0.0003211798163385951
0.0003210633242236519
0.0003201430760009502
0.0003184306598997388
0.0003159414263047989
0.000312694349372204
0.0003087118736046235
0.0003040197463186823
0.0002986468369933206
0.0002926249445386677
0.0002859885935693423
0.0002787748208053702
0.0002710229527569358
0.000262774375876928
0.0002540723003849034
0.000244961518982413
0.0002354881616879877
0.000225699448022477
0.0002156434377734197
0.0002053687815561419
0.0001949244723761778
0.0001843595993754421
0.0001737231049191731
0.0001630635461485949
0.0001524288620884309
0.0001418661473556615
0.0001314214334711709
0.0001211394787245851
0.0001110635674884357
0.0001012353198201996
9.169451212840414e-05
8.247890961543776e-05
7.362411114178688e-05
6.516340708735719e-05
5.712765071426943e-05
4.95451434621399e-05
4.244153453334516e-05
3.583973505039169e-05
2.975984699244869e-05
2.421910704302271e-05
1.923184540519288e-05
1.480945956723175e-05
1.096040292788437e-05
7.690188118846178e-06
5.001404792239397e-06
2.893751572698451e-06
1.364081808379643e-06
4.064626923174154e-07
1.224726575037524e-08
1.701587584114813e-07
8.663866676841713e-07
2.084693929042657e-06
3.806534484637656e-06
6.011180515459663e-06
8.675858565065279e-06
1.177589375019105e-05
1.528486122469859e-05
1.917474403974985e-05
2.341609652350319e-05
2.79782122888673e-05
3.282929596786438e-05
3.793663776558712e-05
4.326678992592142e-05
4.878574420472015e-05
5.445910945434755e-05
6.02522884356516e-05
6.613065299072113e-05
7.205971672944735e-05
7.800530440881598e-05
8.393371721139392e-05
8.981189316147955e-05
9.560756195325031e-05
0.0001012893935030667
0.000106827139579582
0.0001121917679093779
0.0001173555882018502
0.0001222923695858039
0.0001269774490000928
0.0001313878301329325
0.0001355022725569546
0.0001393013707619355
0.0001427676228410702
0.0001458854886426801
0.0001486414372540489
0.0001510239837394239
0.0001530237151092526
0.000154633305551545
0.0001558475210096504
0.0001566632132425096
0.0001570793035542633
0.0001570967564288091
0.0001567185433518257
0.0001559495971476798
0.0001547967572016256
0.0001532687059769553
0.0001513758972751741
0.0001491304767212702
0.0001465461949883139
0.0001436383143039658
0.0001404235088075572
0.0001369197593481543
0.0001331462433334632
0.0001291232202551881
0.000124871913528614
0.0001204143892932368
0.0001157734328267871
0.0001109724232275163
0.0001060352070183654
0.0001009859713220793
9.584911724913501e-05
9.064913412993045e-05
8.541047520832817e-05
8.015743539766288e-05
7.491403168105776e-05
6.970388671560316e-05
6.455011617576784e-05
5.94752203446663e-05
5.450098043279686e-05
4.964836007302828e-05
4.493741240806178e-05
4.038719315205303e-05
3.601567997262567e-05
3.18396985025732e-05
2.787485525245594e-05
2.41354776568531e-05
2.063456144763775e-05
1.738372550782364e-05
1.439317431996188e-05
1.167166808302152e-05
9.226500531982895e-06
7.063484455544435e-06
5.186944868371312e-06
3.599719756674314e-06
2.303168279186471e-06
1.297186269758794e-06
5.802288535174081e-07
1.493399556242046e-07
1.8845031333442e-10
1.271106683885234e-07
5.231589536021197e-07
1.180155932620922e-06
2.088754139625041e-06
3.238500615072408e-06
4.617906078917363e-06
6.214518261575027e-06
8.01499896137084e-06
1.000520438481994e-05
1.217026831659203e-05
1.44946876582962e-05
1.69624098703871e-05
1.955692184913301e-05
2.226133977016146e-05
2.505849943241737e-05
2.793104664109079e-05
3.086152717454034e-05
3.383247588931124e-05
3.682650452871118e-05
3.982638781292414e-05
4.281514740426096e-05
4.57761333575377e-05
4.869310268432342e-05
5.155029468015283e-05
5.433250268471669e-05
5.702514196859291e-05
5.961431346425842e-05
6.208686308360494e-05
6.443043639099453e-05
6.663352842746057e-05
6.868552850897123e-05
7.057675985009341e-05
7.229851389215003e-05
7.384307924367207e-05
7.520376516974161e-05
7.637491959439764e-05
7.735194160922973e-05
7.813128850872996e-05
7.871047739986246e-05
7.908808146043981e-05
7.926372094615296e-05
7.923804907139117e-05
7.901273291264093e-05
7.859042950615089e-05
7.797475733291158e-05
7.717026340450644e-05
7.618238618221485e-05
7.501741457898471e-05
7.368244331000351e-05
7.218532487195962e-05
7.05346184434809e-05
6.87395360106909e-05
6.680988603078429e-05
6.475601495442522e-05
6.258874693353177e-05
6.03193220451892e-05
5.795933336489122e-05
5.552066322300561e-05
5.301541897751643e-05
5.045586863321008e-05
4.78543766334769e-05
4.522334014493146e-05
4.257512614789184e-05
3.992200963653064e-05
3.727611322292942e-05
3.464934842708497e-05
3.205335892268962e-05
2.949946599425779e-05
2.699861644616822e-05
2.456133318840126e-05
2.219766870668795e-05
1.991716160715639e-05
1.772879640726663e-05
1.56409667258351e-05
1.366144200544363e-05
1.179733788105407e-05
1.005509028815128e-05
8.440433383719528e-06
6.958381333164335e-06
5.613213995821083e-06
4.408466521754388e-06
3.346922852587019e-06
2.430613099574423e-06
1.660814753189101e-06
1.038057659595632e-06
5.621326818069176e-07
2.321039457371322e-07
4.632455500581379e-08
2.455642591191019e-09
9.748861271170324e-08
3.277704124595603e-07
6.89031659927807e-07
1.176417443830028e-06
1.784520599034327e-06
2.507417252886443e-06
3.338704428949505e-06
4.271539487699982e-06
5.298681177778782e-06
6.412532066790739e-06
7.605182117245681e-06
8.868453170957147e-06
1.019394410437881e-05
1.157307641745423e-05
1.299714002016519e-05
1.445733898340662e-05
1.594483702462171e-05
1.745080250352171e-05
1.896645270894963e-05
2.048309722506661e-05
2.199218017262063e-05
2.34853211301937e-05
2.495435454948552e-05
2.639136748962238e-05
2.778873550610421e-05
2.913915654210887e-05
3.043568268219237e-05
3.167174964123464e-05
3.284120387477137e-05
3.393832721082931e-05
3.495785891693834e-05
3.589501513058125e-05
3.674550559557321e-05
3.750554766121542e-05
3.817187751555376e-05
3.874175863852099e-05
3.921298747472019e-05
3.95838963397894e-05
3.985335358793244e-05
4.002076108147819e-05
4.008604901641729e-05
4.004966817019111e-05
3.991257965008824e-05
3.96762422318976e-05
3.93425973892468e-05
3.891405212416735e-05
3.839345971867651e-05
3.778409853602417e-05
3.708964900785565e-05
3.631416895071968e-05
3.546206736157944e-05
3.453807684721855e-05
3.354722484714932e-05
3.249480381304134e-05
3.138634051058251e-05
3.022756461164025e-05
2.902437674532599e-05
2.778281617699415e-05
2.650902828337114e-05
2.52092319905381e-05
2.388968733896579e-05
2.255666333690926e-05
2.121640625931493e-05
1.987510854500115e-05
1.853887843926078e-05
1.721371052323606e-05
1.590545726478942e-05
1.461980171830352e-05
1.336223149316422e-05
1.21380141025309e-05
1.095217379526847e-05
9.809469964938973e-06
8.714377220373934e-06
7.671067192689035e-06
6.683392143760512e-06
5.754870431101277e-06
4.888673873886809e-06
4.087617054694404e-06
3.35414858119938e-06
2.690344321898744e-06
2.097902619693308e-06
1.578141477297737e-06
1.131997698476109e-06
7.600279596368097e-07
4.62411776895332e-07
2.389563247753318e-07
8.910305407262745e-08
1.193604810511862e-08
6.192048851019411e-09
7.027207701825014e-08
2.022545633191739e-07
3.999099018212277e-07
6.607163305119351e-07
9.818770389322779e-07
1.360338398108811e-06
1.792809204040641e-06
2.275780822401687e-06
2.805548119483958e-06
3.378231062066361e-06
3.989796867361183e-06
4.636082583350121e-06
5.312817979231842e-06
6.015648626282323e-06
6.740159050021124e-06
7.481895836304718e-06
8.236390575689035e-06
8.999182533292151e-06
9.765840934258262e-06
1.053198675864317e-05
1.129331394360875e-05
1.204560989535024e-05
1.278477521813151e-05
1.35068425732202e-05
1.420799458606614e-05
1.488458072629298e-05
1.553313309127434e-05
1.615038103063302e-05
1.673326455584584e-05
1.727894648603857e-05
1.778482328824758e-05
1.824853457747778e-05
1.866797124930836e-05
1.904128222503851e-05
1.936687979655893e-05
1.964344356553843e-05
1.986992297851227e-05
2.00455384665841e-05
2.01697812053246e-05
2.024241151713678e-05
2.026345594479639e-05
2.023320303127535e-05
2.015219784667551e-05
2.00212353090838e-05
1.98413523511818e-05
1.961381898978918e-05
1.934012835983076e-05
1.902198577877686e-05
1.866129691125451e-05
1.826015510720937e-05
1.782082798967921e-05
1.734574337136183e-05
1.683747458074259e-05
1.62987252808329e-05
1.573231386449153e-05
1.514115751119306e-05
1.452825599067321e-05
1.389667529874886e-05
1.324953121012876e-05
1.258997283216065e-05
1.192116624222402e-05
1.124627828977457e-05
1.056846064198377e-05
9.890834149360953e-06
9.216473605252954e-06
8.548392969723888e-06
7.889531125050545e-06
7.242738226332241e-06
6.610762706784406e-06
5.996238993025119e-06
5.401675981269357e-06
4.829446320843267e-06
4.281776546416236e-06
3.760738095793285e-06
3.268239244757432e-06
2.806017985562618e-06
2.375635870502917e-06
1.978472836730639e-06
1.615723023375651e-06
1.288391586864697e-06
9.972925151604905e-07
7.430474366998453e-07
5.260854148144568e-07
3.466437135974594e-07
2.04769516573611e-07
1.003225749183238e-07
3.297875777236441e-08
2.234472979835791e-09
7.411922757326047e-09
4.766515509881788e-08
1.219868683414553e-07
2.292159231733581e-07
3.680455135082993e-07
5.370319450883245e-07
7.346039683771839e-07
9.590726103659534e-07
1.208641448241312e-06
1.481417266468355e-06
1.77542103792688e-06
2.088599168865871e-06
2.418834947119135e-06
2.763960132977208e-06
3.121766632185158e-06
3.490018191143998e-06
3.86646205518671e-06
4.248840531887365e-06
4.634902402655744e-06
5.022414127660799e-06
5.409170790779816e-06
5.79300673361689e-06
6.171805829857809e-06
6.543511353707285e-06
6.906135399139002e-06
7.257767809352719e-06
7.596584579051779e-06
7.920855695374918e-06
8.228952386652147e-06
8.519353751475757e-06
8.790652744384523e-06
9.041561497771065e-06
9.270915963465902e-06
9.477679860992491e-06
9.660947923338647e-06
9.819948434522068e-06
9.954045057156811e-06
1.006273795156215e-05
1.014566419159822e-05
1.020259748608492e-05
1.02334472175302e-05
1.023825681367415e-05
1.021720147001048e-05
1.017058524488508e-05
1.009883755113694e-05
1.000250907131057e-05
9.882267125680775e-06
9.738890524790047e-06
9.573263940202513e-06
9.386371829189107e-06
9.179291950684029e-06
8.953188511303576e-06
8.709304981636907e-06
8.448956623863897e-06
8.173522772716586e-06
7.884438912364406e-06
7.583188592184022e-06
7.271295224448244e-06
6.950313807055611e-06
6.621822614009762e-06
6.287414895921237e-06
5.948690632091089e-06
5.607248374901461e-06
5.264677226007362e-06
4.922548982745707e-06
4.582410491593405e-06
4.245776243936907e-06
3.91412124770833e-06
3.58887420649016e-06
3.271411035649217e-06
2.963048743010026e-06
2.665039699176285e-06
2.378566320412268e-06
2.104736184488639e-06
1.844577597403388e-06
1.599035626401188e-06
1.368968612105416e-06
1.155145169945649e-06
9.582416885227015e-07
7.78840329832195e-07
6.174275337681596e-07
4.743930267352658e-07
3.500293315673653e-07
2.445317736624697e-07
1.579989756274167e-07
9.043383052037556e-08
4.174494148493496e-08
1.174851340027514e-08
1.706801269003193e-10
6.650248999044526e-09
3.074184238568935e-08
7.191941446022827e-08
1.295801197631856e-07
2.030485087384739e-07
2.915810241510739e-07
3.943707711908912e-07
5.105525330904632e-07
6.392080033088719e-07
7.793712046471559e-07
9.300340652260836e-07
1.090152120878132e-06
1.258650313349339e-06
1.434428853762918e-06
1.616369120783741e-06
1.803339563367194e-06
1.994201578330776e-06
2.187815333605125e-06
2.383045508712858e-06
2.578766924868703e-06
2.77387003814103e-06
2.967266270083239e-06
3.157893151606013e-06
3.344719257026711e-06
3.526748906734778e-06
3.70302661837179e-06
3.872641287996559e-06
4.03473008431674e-06
4.188482040867717e-06
4.333141332633119e-06
4.468010225493906e-06
4.592451688703075e-06
4.705891662350647e-06
4.807820973739789e-06
4.897796898436754e-06
4.975444363480639e-06
5.040456792299442e-06
5.092596592471794e-06
5.131695289387453e-06
5.157653310550289e-06
5.170439426901975e-06
5.170089859283688e-06
5.156707059627344e-06
5.130458177914974e-06
5.091573227506522e-06
5.040342962633942e-06
4.977116483066152e-06
4.902298582271915e-06
4.816346856245495e-06
4.719768591212229e-06
4.613117449211462e-06
4.496989971383642e-06
4.3720219191852e-06
4.238884474556565e-06
4.098280320167273e-06
3.950939621334921e-06
3.797615931302442e-06
3.639082041632655e-06
3.476125799379996e-06
3.309545912611495e-06
3.140147765510714e-06
2.968739263959774e-06
2.796126731970617e-06
2.623110878903702e-06
2.450482856538921e-06
2.27902042454301e-06
2.109484241875358e-06
1.942614300886846e-06
1.779126519818903e-06
1.619709508428652e-06
1.465021520321877e-06
1.315687604492284e-06
1.172296967265978e-06
1.035400554786352e-06
9.055088647145158e-07
7.830899947146014e-07
6.685679338656213e-07
5.623211018658884e-07
4.646811396442599e-07
3.75931953510067e-07
2.963090138515815e-07
2.259989079725179e-07
1.651391454337203e-07
1.138182130251269e-07
7.207587525623279e-08
3.990371511127947e-08
1.724590868165038e-08
4.000226188815539e-09
1.925091709539899e-11
5.111806593017486e-09
1.904458285140903e-08
4.154394758831379e-08
7.229793423955041e-08
1.109583913113264e-07
1.571432808978995e-07
2.104391123367112e-07
2.704034967186745e-07
3.365678075684647e-07
4.08439932692646e-07
4.855071019741462e-07
5.672387757630236e-07
6.530895783720589e-07
7.425022613183162e-07
8.349106809080426e-07
9.297427749966561e-07
1.026423524016542e-06
1.124377881556934e-06
1.223033660337988e-06
1.321824359661843e-06
1.420191921109671e-06
1.517589399674408e-06
1.613483538242811e-06
1.707357233951786e-06
1.798711885677352e-06
1.887069612704185e-06
1.97197533536431e-06
2.05299870932863e-06
2.129735906069556e-06
2.201811232878784e-06
2.268878586797305e-06
2.330622737642166e-06
2.3867604363569e-06
2.43704134573761e-06
2.481248791604351e-06
2.51920033339087e-06
2.550748154019819e-06
2.575779269931037e-06
2.594215562881827e-06
2.60601363615761e-06
2.611164498539876e-06
2.609693080335902e-06
2.601657586337911e-06
2.587148691624839e-06
2.56628858653168e-06
2.539229877915044e-06
2.506154354464947e-06
2.467271624321704e-06
2.422817633820244e-06
2.373053076571258e-06
2.318261702594318e-06
2.258748537554959e-06
2.194838022321796e-06
2.126872083528714e-06
2.055208145805321e-06
1.980217096608015e-06
1.902281214567921e-06
1.821792072328188e-06
1.739148424819854e-06
1.654754093742657e-06
1.569015859053972e-06
1.482341367800715e-06
1.395137070651691e-06
1.307806196034961e-06
1.220746771444956e-06
1.134349701205454e-06
1.04899690941563e-06
9.650595564497973e-07
8.828963368229769e-07
8.028518657546597e-07
7.252551611379849e-07
6.504182271123616e-07
5.786347447728748e-07
5.101788749925817e-07
4.453041776014095e-07
3.84242650617799e-07
3.272038924929012e-07
2.743743897005052e-07
2.259169313332922e-07
1.819701517050639e-07
1.426482012926943e-07
1.080405456935174e-07
7.821189168078389e-08
5.320223874925931e-08
3.302705398807303e-08
1.767756751152599e-08
7.121185118996725e-09
1.30201431403491e-09
1.414993074821389e-10
3.539160145517081e-09
1.137343065702828e-08
2.350258949724185e-08
3.976577818927933e-08
5.998409971313739e-08
8.396179089746892e-08
1.114874615895643e-07
1.423353933603373e-07
1.762668903153826e-07
2.130316744215855e-07
2.523693176582913e-07
2.940107032465079e-07
3.376795081691297e-07
3.830936991977367e-07
4.299670347251348e-07
4.780105647545497e-07
5.269341215623822e-07
5.764477936578124e-07
6.262633759221681e-07
6.760957890003485e-07
7.256644612795644e-07
7.746946670960416e-07
8.229188151155297e-07
8.700776811836081e-07
9.159215802982784e-07
9.602114727542011e-07
1.002719999921361e-06
1.043232445512325e-06
1.081547618670451e-06
1.117478655637667e-06
1.150853737207421e-06
1.181516719673631e-06
1.209327677414413e-06
1.234163355750786e-06
1.255917533150801e-06
1.274501292409372e-06
1.289843200748602e-06
1.301889399425697e-06
1.310603603691975e-06
1.315967014550614e-06
1.317978144067334e-06
1.316652556425328e-06
1.312022527364945e-06
1.304136624902129e-06
1.293059214693978e-06
1.27886989366366e-06
1.261662855791444e-06
1.241546194392379e-06
1.21864114525134e-06
1.193081275379798e-06
1.165011622288221e-06
1.134587788849243e-06
1.101974998983738e-06
1.067347119501329e-06
1.030885653540975e-06
9.927787110676489e-07
9.53219962002016e-07
9.124075774345444e-07
8.705431644921654e-07
8.278307002414855e-07
7.844754700487318e-07
7.406830156213111e-07
6.966580978666996e-07
6.526036795851208e-07
6.087199327527429e-07
5.65203275032698e-07
5.222454398844676e-07
4.800325844619583e-07
4.387444391399432e-07
3.985535023604908e-07
3.596242841136753e-07
3.22112601111229e-07
2.861649264131506e-07
2.519177959121393e-07
2.194972738240252e-07
1.890184789176435e-07
1.605851729675992e-07
1.342894125268547e-07
1.102112648007401e-07
8.841858807211578e-08
6.896687677558324e-08
5.189917102732674e-08
3.724603006439024e-08
2.502556875476774e-08
1.524355602316338e-08
7.893573753805939e-09
2.957234444983822e-09
4.044556222470508e-10
1.937887631954864e-10
2.272800248410531e-09
6.578501628202662e-09
1.303782629044456e-08
2.15681494252993e-08
3.207784801412003e-08
4.446689741588432e-08
5.862750100236197e-08
7.444474916483346e-08
9.179730394333293e-08
1.105581054460984e-07
1.305950961757089e-07
1.517719593633113e-07
1.739488673705444e-07
1.96983236273775e-07
2.207304827209682e-07
2.450447792550873e-07
2.697798043050696e-07
2.947894831976289e-07
3.199287165767795e-07
3.450540927798201e-07
3.7002458085373e-07
3.947022009981185e-07
4.189526694496592e-07
4.426460149448309e-07
4.656571640952254e-07
4.878664932369092e-07
5.091603444774061e-07
5.294315039068639e-07
5.485796401564542e-07
5.665117016982378e-07
5.831422715393048e-07
5.983938781742214e-07
6.12197261908134e-07
6.244915958969214e-07
6.352246614878349e-07
6.443529776841517e-07
6.518418847837835e-07
6.576655824679341e-07
6.618071228797094e-07
6.642583593571245e-07
6.650198518183381e-07
6.641007298961705e-07
6.615185151749678e-07
6.572989040509009e-07
6.514755128984838e-07
6.440895874117594e-07
6.351896780905885e-07
6.248312840932471e-07
6.130764676453706e-07
5.999934414465208e-07
5.856561315412981e-07
5.701437182138951e-07
5.535401575576009e-07
5.359336864249209e-07
5.174163134763341e-07
4.980832991082587e-07
4.780326270381167e-07
4.573644703146994e-07
4.361806545505129e-07
4.145841210656979e-07
3.926783926705437e-07
3.705670447294802e-07
3.483531840505506e-07
3.261389381229008e-07
3.040249570951491e-07
2.821099308008837e-07
2.604901230140585e-07
2.392589250292049e-07
2.18506430479604e-07
1.983190332289398e-07
1.787790499844896e-07
1.5996436915209e-07
1.419481272880269e-07
1.247984143503216e-07
1.085780087933058e-07
9.3344143364594e-08
7.914830231579211e-08
6.603605056258823e-08
5.404689516638974e-08
4.321417932270053e-08
3.356500890515117e-08
2.512021142712333e-08
1.789432713002333e-08
1.189563175163503e-08
7.126190376069093e-09
3.581941615291758e-09
1.252811240042527e-09
1.228542331079568e-10
1.70424120592986e-10
1.368368312107542e-09
3.684248071648561e-09
7.080581638216531e-09
1.151510892173221e-08
1.694107611527072e-08
2.330753849168149e-08
3.055967958680984e-08
3.863914491478094e-08
4.748438832291202e-08
5.703102905170966e-08
6.721221754777723e-08
7.795900805314962e-08
8.920073601249768e-08
1.008653983163218e-07
1.128800344384048e-07
1.251711065398676e-07
1.376648766483519e-07
1.502877790659065e-07
1.629667862118281e-07
1.756297661635497e-07
1.882058302358755e-07
2.006256689966889e-07
2.128218752229987e-07
2.247292523706497e-07
2.362851072354024e-07
2.474295255827038e-07
2.581056296115375e-07
2.682598162579298e-07
2.77841975428813e-07
2.868056873752131e-07
2.951083985357748e-07
3.027115753090863e-07
3.095808353083813e-07
3.156860557932788e-07
3.21001459082871e-07
3.255056748735288e-07
3.291817795082461e-07
3.320173123400899e-07
3.340042694838757e-07
3.351390753027515e-07
3.354225321415324e-07
3.348597488729115e-07
3.334600489491946e-07
3.312368587443465e-07
3.282075770156974e-07
3.243934264711999e-07
3.198192884270266e-07
3.145135216590862e-07
3.085077666055286e-07
3.018367361152572e-07
2.945379939896696e-07
2.86651722640057e-07
2.782204811699003e-07
2.692889552572362e-07
2.599037002087415e-07
2.501128785782881e-07
2.399659937449567e-07
2.295136208664382e-07
2.188071365768789e-07
2.078984488085646e-07
1.968397281011568e-07
1.856831417025862e-07
1.744805917801932e-07
1.632834589521532e-07
1.521423523859659e-07
1.411068675885943e-07
1.302253529929473e-07
1.195446863670194e-07
1.091100620459737e-07
9.896478983621726e-08
8.91501064767283e-08
7.970500037020434e-08
7.06660502714451e-08
6.20672785419474e-08
5.394001945272754e-08
4.631280299517098e-08
3.921125452453194e-08
3.26580105064706e-08
2.6672650537219e-08
2.127164572951836e-08
1.646832347382539e-08
1.227284850014021e-08
8.692220079412992e-09
5.730285142791596e-09
3.387766995717222e-09
1.662309254291636e-09
5.485345441837095e-10
3.811744363689415e-11
1.198710857683332e-10
7.79846777689937e-10
2.001445936484782e-09
3.765543591730547e-09
6.050622660974497e-09
8.832918155135562e-09
1.208657044399511e-08
1.578378667040027e-08
1.989500938333156e-08
2.438909142944237e-08
2.923347613297738e-08
3.439438178311236e-08
3.983698942995153e-08
4.552563300622349e-08
5.142399078154812e-08
5.749527716630948e-08
6.3702433907878e-08
7.00083197215732e-08
7.637589743568742e-08
8.276841774083947e-08
8.914959869614187e-08
9.548380012866044e-08
1.017361921633668e-07
1.078729170942149e-07
1.138612439170075e-07
1.196697148481626e-07
1.252682832135066e-07
1.306284421660264e-07
1.35723343708074e-07
1.405279075852114e-07
1.450189196512897e-07
1.491751193854715e-07
1.529772762738321e-07
1.56408254855133e-07
1.594530682746886e-07
1.620989202545495e-07
1.643352354456487e-07
1.661536781942979e-07
1.675481597942286e-07
1.685148343828906e-07
1.690520836568656e-07
1.691604906675553e-07
1.688428029910923e-07
1.681038856254682e-07
1.669506639952974e-07
1.653920575168709e-07
1.634389041912733e-07
1.611038767470664e-07
1.584013908742976e-07
1.553475061370796e-07
1.519598201726996e-07
1.482573568117634e-07
1.442604487646445e-07
1.399906155528552e-07
1.354704373755046e-07
1.307234255850141e-07
1.257738904949144e-07
1.206468072092202e-07
1.153676801782052e-07
1.099624071859039e-07
1.044571434467436e-07
9.887816650230904e-08
9.325174257095048e-08
8.760399501130288e-08
8.196077551356225e-08
7.634753862847249e-08
7.078922020698612e-08
6.531012030727824e-08
5.993379107508211e-08
5.468293009381588e-08
4.957927965091187e-08
4.464353232591556e-08
3.989524329355757e-08
3.535274966130548e-08
3.103309714478464e-08
2.6951974339224e-08
2.31236547891434e-08
1.956094703890115e-08
1.627515278117146e-08
1.327603319692203e-08
1.057178352533913e-08
8.169015864098744e-09
6.072750165449341e-09
4.286413339630085e-09
2.811846352283322e-09
1.649319154093657e-09
7.9755324926814e-10
2.537516725692197e-10
1.363611028703434e-11
7.149087069512124e-11
4.202133782133913e-10
1.05137083860382e-09
1.955262696820184e-09
3.120988485805944e-09
4.536520643901413e-09
6.188781859998971e-09
8.063726490623119e-09
1.014642557672891e-08
1.242115498169069e-08
1.487148615991263e-08
1.74803790628396e-08
2.023027668068538e-08
2.310320072743574e-08
2.608084796606115e-08
2.914468668806695e-08
3.227605285729476e-08
3.545624544262083e-08
3.866662047921365e-08
4.188868339850253e-08
4.510417920084997e-08
4.829518004469458e-08
5.144416985820271e-08
5.45341255933248e-08
5.754859476730819e-08
6.047176896232236e-08
6.328855297285615e-08
6.598462932725593e-08
6.854651792673104e-08
7.096163058155188e-08
7.321832024726535e-08
7.530592479379242e-08
7.721480518245474e-08
7.893637793162809e-08
8.046314180314049e-08
8.178869866920413e-08
8.290776853312821e-08
8.381619873295461e-08
8.451096735091271e-08
8.499018092647283e-08
8.525306654608639e-08
8.529995845581204e-08
8.513227933413698e-08
8.47525164114371e-08
8.416419261694663e-08
8.337183300227006e-08
8.238092665655991e-08
8.119788437729363e-08
7.982999239030804e-08
7.828536239104773e-08
7.657287822423088e-08
7.470213951602515e-08
7.268340259499928e-08
7.05275190245196e-08
6.824587210756081e-08
6.585031170081943e-08
6.335308769558261e-08
6.076678251363234e-08
5.810424298539703e-08
5.537851193481158e-08
5.260275984387462e-08
4.979021692312871e-08
4.695410592498493e-08
4.410757602318085e-08
4.126363807849949e-08
3.843510158350808e-08
3.563451358925944e-08
3.287409987146476e-08
3.016570861719883e-08
2.752075685476722e-08
2.495017986848857e-08
2.246438379423898e-08
2.007320159346408e-08
1.778585256659141e-08
1.561090555866778e-08
1.355624598203339e-08
1.162904676291294e-08
9.835743300943817e-09
8.182012498092155e-09
6.672755905049197e-09
5.312087004212761e-09
4.103322630511188e-09
3.048978507139001e-09
2.150768858543534e-09
1.4096100373876e-09
8.256280872543602e-10
3.981701425897974e-10
1.258195496564023e-10
6.414576191563712e-12
3.707056106004014e-11
2.142053400413264e-10
5.335677708667029e-10
9.902691668139087e-10
1.578817437556733e-09
2.293153724599741e-09
3.126691309500581e-09
4.072356566372768e-09
5.122631722426426e-09
6.26959918397981e-09
7.50498718318018e-09
8.820216495629332e-09
1.020644798179119e-08
1.165463069945289e-08
1.315555033645346e-08
1.469987772104768e-08
1.627821716261792e-08
1.7881154384686e-08
1.949930381598947e-08
2.112335501652397e-08
2.274411801364926e-08
2.435256734323758e-08
2.593988459498424e-08
2.749749927055865e-08
2.901712777339239e-08
3.049081037449142e-08
3.191094598568542e-08
3.327032461269532e-08
3.456215735269616e-08
3.578010383190591e-08
3.691829697792916e-08
3.797136504661764e-08
3.893445083896567e-08
3.980322804954163e-08
4.057391471204292e-08
4.124328371773505e-08
4.18086704009909e-08
4.226797719678884e-08
4.261967539447874e-08
4.2862804017457e-08
4.299696588928428e-08
4.302232093733266e-08
4.293957681774257e-08
4.274997694602094e-08
4.245528603406736e-08
4.20577732443517e-08
4.156019307972275e-08
4.096576414421982e-08
4.027814590644529e-08
3.950141361875117e-08
3.864003154358756e-08
3.769882464330711e-08
3.668294890544989e-08
3.559786046554223e-08
3.444928370562986e-08
3.32431785000842e-08
3.198570678927035e-08
3.068319865159696e-08
2.934211805993636e-08
2.79690284911116e-08
2.657055856684544e-08
2.515336789445183e-08
2.372411327903869e-08
2.228941546366907e-08
2.085582656267932e-08
1.942979833650898e-08
1.801765145263745e-08
1.662554587473987e-08
1.525945250694225e-08
1.392512621798186e-08
1.262808035813865e-08
1.13735628734406e-08
1.016653411185983e-08
9.011646405941787e-09
7.913225507150269e-09
6.875253938476171e-09
5.901356313513457e-09
4.994786670682137e-09
4.158417852278979e-09
3.394732950580221e-09
2.705818832131267e-09
2.09336174038874e-09
1.558644967390766e-09
1.102548573884324e-09
7.255511278136407e-10
4.277334220701455e-10
2.087841219935453e-10
6.800728551412589e-11
4.331688647419075e-12
1.632188324919487e-11
1.021909044051297e-10
2.598145389420337e-10
4.867470600789249e-10
7.802383269504946e-10
1.137252142300485e-09
1.554485758483806e-09
2.028390415642401e-09
2.555192793648772e-09
3.130917258217621e-09
3.751408775491399e-09
4.412356373040319e-09
5.109317019465597e-09
5.837739798075552e-09
6.592990249753632e-09
7.370374759719789e-09
8.165164867266486e-09
8.972621376766297e-09
9.788018152693755e-09
1.060666548681833e-08
1.142393292486966e-08
1.223527144747244e-08
1.303623490660008e-08
1.382250061915787e-08
1.45898890293103e-08
1.533438235577851e-08
1.605214214550039e-08
1.673952566420236e-08
1.739310105876664e-08
1.800966123451108e-08
1.85862363994097e-08
1.912010523127923e-08
1.960880463190244e-08
2.005013804724273e-08
2.044218232664745e-08
2.078329311326606e-08
2.107210876079127e-08
2.130755278109901e-08
2.148883482776554e-08
2.16154502389199e-08
2.168717816174819e-08
2.170407828895168e-08
2.166648624433255e-08
2.157500766221121e-08
2.143051101293182e-08
2.123411922309469e-08
2.098720015649436e-08
2.069135601766366e-08
2.034841174929943e-08
1.996040249641048e-08
1.952956021271278e-08
1.90582994884206e-08
1.854920268921427e-08
1.800500447983513e-08
1.742857582868109e-08
1.6822907575951e-08
1.619109365564126e-08
1.553631406043474e-08
1.486181763744777e-08
1.417090480560015e-08
1.346691027780852e-08
1.275318588021616e-08
1.203308354584853e-08
1.130993857023037e-08
1.058705320621613e-08
9.867680674573858e-09
9.155009665011416e-09
8.452149394446169e-09
7.762115292986513e-09
7.087815375079733e-09
6.432037357163994e-09
5.797436571317482e-09
5.186524724727895e-09
4.601659547149389e-09
4.045035367445534e-09
3.518674645437276e-09
3.02442049467583e-09
2.563930211855348e-09
2.138669832969974e-09
1.749909727044468e-09
1.398721232770855e-09
1.085974339654578e-09
8.123364088789306e-10
5.782719243256875e-10
3.840432592691424e-10
2.29712439637542e-10
1.151438787921087e-10
4.000805699473577e-11
3.786110820720059e-12
5.775297177698371e-12
4.509529053271487e-11
1.206952693888282e-10
2.313617446039039e-10
3.757270791403073e-10
5.522786459146331e-10
7.593685690797776e-10
9.952239900079883e-10
1.257957799825974e-09
1.545579777944288e-09
1.856008072936748e-09
2.187080966659868e-09
2.53656885474381e-09
2.902186383723719e-09
3.281604679614462e-09
3.672463607512783e-09
4.07238399822933e-09
4.478979783730709e-09
4.88986998247497e-09
5.302690472991285e-09
5.715105507516268e-09
6.124818904266558e-09
6.529584874851652e-09
6.927218432455145e-09
7.315605339146242e-09
7.692711548443092e-09
8.056592103134443e-09
8.405399454556925e-09
8.737391167582937e-09
9.050936985188561e-09
9.344525225380903e-09
9.616768490252191e-09
9.866408667479378e-09
1.009232121144834e-08
1.029351869443053e-08
1.046915361904103e-08
1.061852049071091e-08
1.074105715118403e-08
1.083634537814214e-08
1.090411075736408e-08
1.094422184083093e-08
1.095668860609626e-08
1.094166023357744e-08
1.089942222569257e-08
1.083039288933397e-08
1.07351192120209e-08
1.061427215920524e-08
1.046864142626707e-08
1.029912967955492e-08
1.010674632191389e-08
9.892600823090512e-09
9.657895652414744e-09
9.403918857709804e-09
9.132036330108069e-09
8.843683800949363e-09
8.540358610935679e-09
8.223611301375317e-09
7.895037066297485e-09
7.556267114348845e-09
7.208959983386276e-09
6.854792851023008e-09
6.495452886403016e-09
6.132628683665841e-09
5.768001819237236e-09
5.403238574131847e-09
5.03998185789281e-09
4.679843373465317e-09
4.324396056518854e-09
3.975166824190608e-09
3.633629663066214e-09
3.301199087590342e-09
2.979223993809582e-09
2.66898193354493e-09
2.371673832954324e-09
2.088419172123794e-09
1.820251644457081e-09
1.568115309116393e-09
1.332861249631374e-09
1.115244745555888e-09
9.159229650869795e-10
7.354531811670681e-10
5.74291512449969e-10
4.327921871962106e-10
3.112073254563012e-10
2.096872333517727e-10
1.282811996957692e-10
6.693878327088784e-11
2.551157711874789e-11
3.755433453545338e-12
1.33313142967365e-12
1.781746740824258e-11
5.269474591519673e-11
1.053686479298651e-10
1.751644514828675e-10
2.613335777565375e-10
3.630584357756274e-10
4.794575364760119e-10
6.095908463318195e-10
7.5246535159821e-10
9.070407999842358e-10
1.072235591125823e-09
1.246932781679968e-09
1.429986175311083e-09
1.620226465399985e-09
1.816467398346099e-09
2.017511927641896e-09
2.222158327261535e-09
2.429206235665757e-09
2.637462600015572e-09
2.845747493713669e-09
3.052899779833519e-09
3.257782594014425e-09
3.459288623756174e-09
3.656345159863114e-09
3.847918898048997e-09
4.033020471968318e-09
4.210708697934373e-09
4.380094515278041e-09
4.540344607624662e-09
4.690684691366567e-09
4.83040246005627e-09
4.958850175899143e-09
5.075446900600165e-09
5.179680359630544e-09
5.27110843670075e-09
5.349360296510668e-09
5.414137135883818e-09
5.465212565005525e-09
5.502432623186635e-09
5.525715433580359e-09
5.535050505362716e-09
5.530497690910762e-09
5.512185809844209e-09
5.480310950603455e-09
5.435134463827849e-09
5.376980661638178e-09
5.306234238834298e-09
5.223337434041803e-09
5.128786947177022e-09
5.023130633460476e-09
4.906963994273908e-09
4.780926483735247e-09
4.645697653486319e-09
4.501993157524073e-09
4.35056063788315e-09
4.192175514377446e-09
4.027636700716362e-09
3.857762268883415e-09
3.683385084817266e-09
3.505348436929951e-09
3.324501679712295e-09
3.141695913707453e-09
2.957779722820445e-09
2.773594988963082e-09
2.589972803974358e-09
2.407729497987124e-09
2.227662801452908e-09
2.050548157947467e-09
1.877135204648249e-09
1.708144434347849e-09
1.54426405346959e-09
1.38614704846859e-09
1.234408472017261e-09
1.089622959142657e-09
9.52322482205561e-10
8.229943521171408e-10
7.020794719802737e-10
5.899708480523373e-10
4.870123614837147e-10
3.934978029286623e-10
3.096701705919936e-10
2.357212316901118e-10
1.717913450444212e-10
1.179695419171969e-10
7.429386038238209e-11
4.075192834739893e-11
1.728178795602442e-11
3.77295390134591e-12
6.769655490993672e-14
5.962540491869974e-12
2.120996728553111e-11
4.552031128775768e-11
7.856383576355194e-11
1.199729766147411e-10
1.693447397799447e-10
2.262432380107619e-10
2.90202352606527e-10
3.607285046611706e-10
4.373035202406816e-10
5.193875745857106e-10
6.064221987943836e-10
6.978333329921584e-10
7.930344111336326e-10
8.914294600047754e-10
9.924161987875741e-10
1.095389121900023e-09
1.199742551339206e-09
1.304873643449189e-09
1.410185335481437e-09
1.515089219017797e-09
1.619008326221059e-09
1.721379817357814e-09
1.821657556845573e-09
1.919314567257087e-09
2.013845351172105e-09
2.104768070456926e-09
2.191626575312086e-09
2.273992275025956e-09
2.351465842915368e-09
2.423678750870704e-09
2.490294626267873e-09
2.551010430648058e-09
2.60555745270696e-09
2.653702117934418e-09
2.695246609862336e-09
2.730029305248174e-09
2.757925022770263e-09
2.778845087330892e-09
2.792737211341591e-09
2.799585198912811e-09
2.799408473606871e-09
2.792261437382809e-09
2.778232666188245e-09
2.757443947575598e-09
2.730049168306242e-09
2.69623305985504e-09
2.656209809737197e-09
2.610221547788612e-09
2.558536717054273e-09
2.501448338752021e-09
2.439272181801511e-09
2.372344847322353e-09
2.301021778933794e-09
2.225675209870658e-09
2.146692058264892e-09
2.064471781212701e-09
1.979424199590903e-09
1.891967304442392e-09
1.802525056665558e-09
1.711525189748891e-09
1.619397028328975e-09
1.526569330804387e-09
1.433468168442249e-09
1.340514850551311e-09
1.248123903755224e-09
1.156701116110113e-09
1.066641654620274e-09
9.783282639788698e-10
8.921295541903006e-10
8.083983842242229e-10
7.27470349070419e-10
6.496623744913502e-10
5.752714267896775e-10
5.045733403252838e-10
4.378217681672868e-10
3.75247258704945e-10
3.170564606511688e-10
2.634314589813241e-10
2.145292424373631e-10
1.70481304098303e-10
1.313933737000673e-10
9.734528276061996e-11
6.839095922476626e-11
4.45585513029799e-11
2.585067701773279e-11
1.224479646573565e-11
3.693703337842851e-12
1.261311267691259e-13
1.447469491428156e-12
7.540585414134503e-12
1.826674356870735e-11
3.346661977600493e-11
5.296140111100707e-11
7.655396601171732e-11
1.040301370157297e-10
1.351599991209286e-10
1.696992762300946e-10
2.073907575260315e-10
2.479657668071742e-10
2.911456656030733e-10
3.366433837756247e-10
3.841649676904056e-10
4.334111396671802e-10
4.840788598092952e-10
5.358628828719406e-10
5.884573022542545e-10
6.415570742958897e-10
6.948595144871548e-10
7.480657595978474e-10
8.008821888755694e-10
8.530217972719116e-10
9.042055155552373e-10
9.541634702899259e-10
1.002636180085878e-09
1.049375681578243e-09
1.094146581574127e-09
1.13672703040927e-09
1.176909614471415e-09
1.214502162526987e-09
1.249328465218297e-09
1.281228903981153e-09
1.310060988904895e-09
1.335699802481108e-09
1.358038351295068e-09
1.376987821812295e-09
1.392477743847024e-09
1.404456059139986e-09
1.412889099365948e-09
1.417761472175447e-09
1.419075859135623e-09
1.416852726997792e-09
1.411129955336251e-09
1.401962383633418e-09
1.389421281395104e-09
1.373593744761919e-09
1.354582024278424e-09
1.332502787203016e-09
1.307486320400588e-09
1.279675677426e-09
1.249225775540468e-09
1.216302447627543e-09
1.18108145464276e-09
1.143747463539159e-09
1.104492997050847e-09
1.0635173601932e-09
1.021025549731479e-09
9.772271517872193e-10
9.323352338236643e-10
8.865652355253515e-10
8.401338657710989e-10
7.932580089307409e-10
7.461536478563763e-10
6.990348070489821e-10
6.52112521803035e-10
6.055938376310984e-10
5.596808449409445e-10
5.145697524033535e-10
4.704500037224652e-10
4.275034412094195e-10
3.859035200297895e-10
3.45814574953472e-10
3.073911443245347e-10
2.707773522134517e-10
2.361063515586718e-10
2.034998300024983e-10
1.730675801383025e-10
1.449071349144038e-10
1.191034691788526e-10
9.572876802649573e-11
7.48422619675249e-11
5.649012840885331e-11
4.070545947604093e-11
2.750829496724269e-11
1.69057193284911e-11
8.892021242930611e-12
3.448914236655637e-12
5.458159270399764e-13
1.401840611884786e-13
2.177906521023137e-12
6.593742676953033e-12
1.331181309743865e-11
2.22461344661057e-11
3.3301196408483e-11
4.637257667116045e-11
6.13475910335312e-11
7.810597437448266e-11
9.652058873459421e-11
1.164581548507627e-10
1.377800029446697e-10
1.603428386341786e-10
1.839995203924245e-10
2.08599844139266e-10
2.339913309979528e-10
2.600200147947855e-10
2.865312245593901e-10
3.133703588002795e-10
3.403836479211397e-10
3.674189008478625e-10
3.94326232536151e-10
4.209587692649564e-10
4.471733281927128e-10
4.728310684584899e-10
4.977981110456223e-10
5.219461248131974e-10
5.451528760368182e-10
5.673027397361459e-10
5.882871704274882e-10
6.080051309979943e-10
6.263634776970324e-10
6.432773007854473e-10
6.58670218957886e-10
6.724746270841298e-10
6.846318972441755e-10
6.950925322393049e-10
7.038162714119683e-10
7.107721496906759e-10
7.159385094108685e-10
7.193029661229989e-10
7.208623291712301e-10
7.206224781817023e-10
7.185981964047026e-10
7.148129623475999e-10
7.092987019938672e-10
7.020955037208382e-10
6.932512951794131e-10
6.828214885871488e-10
6.708685929717188e-10
6.574617979524699e-10
6.426765303355859e-10
6.265939869286213e-10
6.0930064578205e-10
5.90887759067201e-10
5.714508291018646e-10
5.510890728070618e-10
5.299048741384779e-10
5.08003230804853e-10
4.854911953520859e-10
4.624773149874359e-10
4.390710723984863e-10
4.153823303522524e-10
3.915207829126822e-10
3.675954156036601e-10
3.437139776540305e-10
3.199824673957992e-10
2.965046354128849e-10
2.733815048435767e-10
2.507109136752788e-10
2.285870789097698e-10
2.071001851049655e-10
1.863359995975981e-10
1.663755149452494e-10
1.472946205236321e-10
1.291638039805003e-10
1.120478841123733e-10
9.600577570673798e-11
8.109028699648136e-11
6.734795046606956e-11
5.481888688317629e-11
4.353670330146726e-11
3.352842471791838e-11
2.481445901424973e-11
1.740859533404449e-11
1.13180350464215e-11
6.543454695884868e-12
3.079100254160397e-12
9.129117005680047e-13
2.667675657844097e-14
3.962127250035804e-13
1.991575021715629e-12
4.777290982512126e-12
8.712617411477634e-12
1.375182028576041e-11
1.984447479924981e-11
2.693578409904367e-11
3.496691474132227e-11
4.387534696983151e-11
5.359523808441847e-11
6.405779644751411e-11
7.519166454025663e-11
8.692330906328358e-11
9.917741557368128e-11
1.118772862763408e-10
1.249452384831883e-10
1.383030018592988e-10
1.518721128954342e-10
1.655743041135069e-10
1.793318864030519e-10
1.930681231615796e-10
2.067075937387625e-10
2.201765449176955e-10
2.334032293463467e-10
2.463182282900389e-10
2.588547586832836e-10
2.709489622688058e-10
2.825401760310341e-10
2.935711828456633e-10
3.039884414373625e-10
3.137422945288973e-10
3.227871550180746e-10
3.3108166923856e-10
3.38588856641232e-10
3.452762263208087e-10
3.511158691283293e-10
3.56084526310735e-10
3.601636337787839e-10
3.63339343012238e-10
3.656025181956971e-10
3.66948709923092e-10
3.673781068406457e-10
3.668954644874219e-10
3.655100132907124e-10
3.632353456651861e-10
3.600892829831205e-10
3.560937242596324e-10
3.512744768969861e-10
3.456610704502371e-10
3.392865551486674e-10
3.321872859035925e-10
3.244026933689225e-10
3.159750433220341e-10
3.069491857128966e-10
2.973722945923628e-10
2.872936006322624e-10
2.767641175751811e-10
2.658363638390148e-10
2.545640810987929e-10
2.430019508389614e-10
2.312053107810482e-10
2.19229872092213e-10
2.07131439129453e-10
1.949656329102821e-10
1.827876196906794e-10
1.706518455648844e-10
1.586117791996443e-10
1.467196624227785e-10
1.350262713129308e-10
1.235806876394068e-10
1.124300822743011e-10
1.01619511187824e-10
9.119172507742233e-11
8.118699269141308e-11
7.164293971771191e-11
6.259440257901106e-11
5.407329839951177e-11
4.610851116909052e-11
3.872579458138982e-11
3.194769174618347e-11
2.579347190653386e-11
2.027908425078844e-11
1.541712859893228e-11
1.121684322875196e-11
7.684109339464687e-12
4.821471871707134e-12
2.628176598201843e-12
1.100222793853471e-12
2.304311201670433e-13
8.526137274709716e-15
4.212328284647234e-13
1.452386420139926e-12
3.083054793483362e-12
5.291672669724604e-12
8.054186753650227e-12
1.13442109659265e-11
1.513319078833296e-11
1.939057584726422e-11
2.408399975549791e-11
2.917946619014463e-11
3.464154016781614e-11
4.043354357026223e-11
4.651775388264342e-11
5.285560504518134e-11
5.940788951648565e-11
6.613496051355944e-11
7.299693315134374e-11
7.99538840411292e-11
8.696604804257864e-11
9.399401104490398e-11
1.009988984969006e-10
1.079425581886822e-10
1.147877369534036e-10
1.21498250258944e-10
1.280391438099138e-10
1.34376847083061e-10
1.404793173633753e-10
1.46316174396966e-10
1.51858824665443e-10
1.570805752859527e-10
1.619567366042838e-10
1.664647135322936e-10
1.705840851438607e-10
1.742966725545282e-10
1.775865947099404e-10
1.804403118190068e-10
1.828466571221412e-10
1.847968559444742e-10
1.862845331667619e-10
1.873057086259088e-10
1.878587807746516e-10
1.879444989724588e-10
1.875659245169214e-10
1.867283811924958e-10
1.854393949732109e-10
1.83708624296994e-10
1.8154778058528e-10
1.789705400968717e-10
1.759924469254656e-10
1.72630809207359e-10
1.689045872195194e-10
1.648342756117224e-10
1.604417797922578e-10
1.557502870665448e-10
1.507841335670059e-10
1.455686673426886e-10
1.401301087512789e-10
1.344954084204936e-10
1.286921039053463e-10
1.227481755595807e-10
1.166919023899702e-10
1.105517182898974e-10
1.043560703869935e-10
9.813327866047662e-11
9.191139866560515e-11
8.571808759810911e-11
7.958047412664168e-11
7.352503301479873e-11
6.757746455707721e-11
6.176257975259774e-11
5.610419166967891e-11
5.062501305059872e-11
4.534656099270122e-11
4.028906899178149e-11
3.547140644781344e-11
3.091100613063485e-11
2.662379984318672e-11
2.262416219036722e-11
1.892486312834839e-11
1.553702883865812e-11
1.24701114040921e-11
9.731867060773218e-12
7.32834314623306e-12
5.263873604194829e-12
3.541082972592296e-12
2.160898685333123e-12
1.12257155143571e-12
4.237041187186836e-13
6.028670909253816e-14
2.674084074281303e-14
3.15969697783482e-13
9.194152906455545e-13
1.827121945815504e-12
3.02780570777036e-12
4.508929217820997e-12
6.256781665269269e-12
8.256563247965502e-12
1.049247376422673e-11
1.294780472859806e-11
1.560503470557321e-11
1.844592714378994e-11
2.145163021870224e-11
2.46027783409718e-11
2.787959449094693e-11
3.126199333283315e-11
3.472968395347301e-11
3.82622724356574e-11
4.183936318200661e-11
4.544065887490124e-11
4.904605842124195e-11
5.263575247117227e-11
5.619031613579017e-11
5.969079850613565e-11
6.311880829314652e-11
6.645659577584442e-11
6.968713013071507e-11
7.279417227320647e-11
7.57623426588542e-11
7.857718374259653e-11
8.122521736891627e-11
8.369399610901876e-11
8.597214898449567e-11
8.80494213491838e-11
8.991670837731599e-11
9.156608274278683e-11
9.299081604928161e-11
9.418539387149448e-11
9.514552494324787e-11
9.58681440552038e-11
9.635140865599536e-11
9.659469006293342e-11
9.659855835256979e-11
9.636476194210536e-11
9.589620144758675e-11
9.51968984930966e-11
9.427195932296457e-11
9.312753375347658e-11
9.177076956597005e-11
9.020976261600118e-11
8.845350331065787e-11
8.651181910166029e-11
8.439531396577274e-11
8.211530498024858e-11
7.968375626202489e-11
7.71132107710107e-11
7.441672018824283e-11
7.160777351620112e-11
6.870022439990021e-11
6.57082177639052e-11
6.264611624057185e-11
5.952842652674803e-11
5.636972609626538e-11
5.318459061789752e-11
4.99875226286102e-11
4.679288141135834e-11
4.361481473137531e-11
4.046719252248511e-11
3.736354298732263e-11
3.431699132988809e-11
3.134020123636065e-11
2.844531967670674e-11
2.564392480934194e-11
2.294697764857457e-11
2.036477736013492e-11
1.790692047980564e-11
1.558226414020512e-11
1.339889352366357e-11
1.136409351561564e-11
9.484324710185973e-12
7.765203833567624e-12
6.2114885596109e-12
4.827066700434867e-12
3.614949942826379e-12
2.577271853763009e-12
1.71529024406658e-12
1.029393817103769e-12
5.191129330466044e-13
1.831344250361222e-13
1.932034219724948e-14
2.47304330021958e-14
1.956482392712406e-13
5.276105982866376e-13
1.0154403660346e-12
1.653282153324354e-12
2.434640856883467e-12
3.352422741014256e-12
4.398978884813352e-12
5.566150667094216e-12
6.845317054069915e-12
8.227443537070868e-12
9.703132324039558e-12
1.126267353779563e-11
1.289609727749664e-11
1.459322609978085e-11
1.634372779071694e-11
1.813716808472909e-11
1.996306318053741e-11
2.181093166672513e-11
2.367034566081531e-11
2.553098102492008e-11
2.738266620862305e-11
2.921542972392271e-11
3.101954597430896e-11
3.278557908614405e-11
3.450442478540093e-11
3.616734999345322e-11
3.776603003683906e-11
3.92925833162572e-11
4.073960333034316e-11
4.210018789655862e-11
4.336796539988858e-11
4.453711813693857e-11
4.560240267859015e-11
4.65591670002481e-11
4.740336445152449e-11
4.813156482817851e-11
4.87409618771687e-11
4.922937798327108e-11
4.959526550632616e-11
4.983770509861524e-11
4.995640099451028e-11
4.995167327263072e-11
4.982444731598828e-11
4.957624028126924e-11
4.920914517202848e-11
4.872581205217472e-11
4.812942689726702e-11
4.742368822084084e-11
4.661278151055199e-11
4.570135153008676e-11
4.46944729621845e-11
4.359761935606527e-11
4.241663038437755e-11
4.115767806375446e-11
3.982723167908941e-11
3.84320217780005e-11
3.69790035283363e-11
3.547531933644543e-11
3.392826132065458e-11
3.234523331537125e-11
3.073371322305288e-11
2.910121525242619e-11
2.745525268912227e-11
2.580330119586444e-11
2.415276283418264e-11
2.251093088732104e-11
2.088495590646436e-11
1.928181270432085e-11
1.770826891990608e-11
1.61708549109898e-11
1.467583527815961e-11
1.322918209070912e-11
1.183654998453182e-11
1.050325311086788e-11
9.2342440992559e-12
8.034095105464532e-12
6.906980971338061e-12
5.85666459078931e-12
4.886484473096419e-12
3.999344566353578e-12
3.197706364584988e-12
2.483583266092089e-12
1.858537211092561e-12
1.323677576741446e-12
8.796622705284973e-13
5.267010353085853e-13
2.645608883883001e-13
9.257362556508881e-14
9.645360175248958e-15
1.426798489597596e-14
1.045324931392691e-13
2.781440624125619e-13
5.324387982654422e-13
8.644020391104862e-13
1.270688098643369e-12
1.747641357836268e-12
2.29131852168405e-12
2.897512011667864e-12
3.561774254626932e-12
4.279442837255412e-12
5.045666317764146e-12
5.855430574233171e-12
6.703585596450107e-12
7.584872517330655e-12
8.493950827272297e-12
9.425425526406359e-12
1.037387425517344e-11
1.133387403448468e-11
1.230002773593084e-11
1.326699001384391e-11
1.422949255747859e-11
1.518236865318735e-11
1.612057688796503e-11
1.703922390917627e-11
1.793358609204182e-11
1.879913013371283e-11
1.963153233589962e-11
2.042669671012255e-11
2.118077155380646e-11
2.189016471912031e-11
2.255155739724006e-11
2.316191630484143e-11
2.371850425946281e-11
2.42188893478751e-11
2.466095229879034e-11
2.504289227180165e-11
2.536323108412995e-11
2.562081563825381e-11
2.581481895546845e-11
2.59447394074333e-11
2.601039848064867e-11
2.601193699159541e-11
2.594980972055659e-11
2.582477871466946e-11
2.56379050771503e-11
2.539053951012664e-11
2.508431150869039e-11
2.47211174287363e-11
2.430310733960219e-11
2.383267084044486e-11
2.331242205007688e-11
2.274518350066216e-11
2.213396944711436e-11
2.148196833768945e-11
2.079252482413673e-11
2.006912109789234e-11
1.931535799538743e-11
1.853493571226183e-11
1.773163431929522e-11
1.690929415209709e-11
1.607179622581614e-11
1.522304277957157e-11
1.436693781443349e-11
1.350736813577216e-11
1.264818462258288e-11
1.179318392675383e-11
1.094609076704256e-11
1.011054076678892e-11
9.29006401695804e-12
8.488069355075034e-12
7.707829497345911e-12
6.952467025323622e-12
6.224941348969768e-12
5.52803658019705e-12
4.864350475760352e-12
4.236284439715123e-12
3.646034631698552e-12
3.095584178489675e-12
2.586696575596829e-12
2.12091020113657e-12
1.699534054590419e-12
1.323644642268781e-12
9.940840492426809e-13
7.114591881940814e-13
4.761421838058994e-13
2.882719142731548e-13
1.47756658602808e-13
5.427782072619142e-14
7.294719164153314e-15
6.050378396441924e-15
4.957829003903308e-14
1.367100941175398e-13
2.660841411752561e-13
4.36154863742764e-13
6.452029158433819e-13
8.913460006319586e-13
1.172550354735726e-12
1.486642779497753e-12
1.831323214126356e-12
2.204177708159833e-12
2.602691776725461e-12
3.024264066394299e-12
3.466220251988842e-12
3.925827023264025e-12
4.400306201526759e-12
4.886848899193887e-12
5.382629614156279e-12
5.884820167516072e-12
6.390603539113519e-12
6.897187352267997e-12
7.401817128702161e-12
7.901789071686784e-12
8.394462512114901e-12
8.877271825318825e-12
9.34773781515934e-12
9.803478514962047e-12
1.024221940962497e-11
1.066180288950296e-11
1.106019710026188e-11
1.143550402050694e-11
1.178596673011085e-11
1.210997596984082e-11
1.240607581001268e-11
1.267296855956212e-11
1.290951880763948e-11
1.311475664974987e-11
1.3287880010604e-11
1.342825614817723e-11
1.353542230919567e-11
1.360908550076374e-11
1.36491215628875e-11
1.365557329943349e-11
1.362864793575759e-11
1.356871371708731e-11
1.347629586895222e-11
1.335207179366751e-11
1.319686560956064e-11
1.30116420296784e-11
1.27974997111957e-11
1.255566396351693e-11
1.228747902588772e-11
1.199439982186721e-11
1.167798329401283e-11
1.133987940268034e-11
1.098182175687124e-11
1.06056180262327e-11
1.021314012715108e-11
9.806314178486774e-12
9.387110351899039e-12
8.957532698367814e-12
8.519608920584684e-12
8.07538015771253e-12
7.626890901265122e-12
7.176178970714023e-12
6.725265718377425e-12
6.276146431653386e-12
5.830781011647599e-12
5.391084920093645e-12
4.958920470637452e-12
4.536088571496615e-12
4.124320804320187e-12
3.725272053661642e-12
3.34051351564478e-12
2.971526207038772e-12
2.619695032809457e-12
2.286303397452599e-12
1.972528379156742e-12
1.679436536112985e-12
1.40798025874171e-12
1.158994748750373e-12
9.331956022369377e-13
7.311770035697281e-13
5.534105434762072e-13
4.002446467177258e-13
2.719045976543345e-13
1.684931717350602e-13
8.999185565739584e-14
3.626263232241903e-14
7.050319734233144e-15
1.985436852395866e-15
2.058758023183243e-14
6.226930218819356e-14
1.263404708547397e-13
2.120130636210015e-13
3.184063642813682e-13
4.44552526300866e-13
5.894024882554683e-13
7.51832200730211e-13
9.306491066623711e-13
1.124598902084053e-12
1.332372481755069e-12
1.552613035802524e-12
1.783923327517219e-12
2.024873001520602e-12
2.274005996353842e-12
2.529847964440629e-12
2.790913688569211e-12
3.055714426852613e-12
3.32276521194033e-12
3.59059198813153e-12
3.857738603827673e-12
4.122773584682661e-12
4.384296762313306e-12
4.640945604363876e-12
4.891401307952982e-12
5.134394556444977e-12
5.368711033412275e-12
5.59319650397152e-12
5.806761560227411e-12
6.008386017568691e-12
6.197122907409291e-12
6.372101967898902e-12
6.532532875134632e-12
6.677707928374988e-12
6.807004297784425e-12
6.919885879535531e-12
7.015904665632328e-12
7.09470161382758e-12
7.156007225720527e-12
7.199641541856403e-12
7.225513831488036e-12
7.233621688283416e-12
7.224049906573703e-12
7.196968751348736e-12
7.152631974476831e-12
7.091374423202602e-12
7.013609225587352e-12
6.919824732527335e-12
6.810581083451386e-12
6.686506450308154e-12
6.548293049111938e-12
6.396692908111608e-12
6.232513333780109e-12
6.056612251532878e-12
5.869893321228986e-12
5.673300940841748e-12
5.467815047380626e-12
5.254445902447869e-12
5.034228722442679e-12
4.808218333389181e-12
4.577483752052572e-12
4.343102813277369e-12
4.106156809650704e-12
3.867725205571069e-12
3.628880415469609e-12
3.390682702988391e-12
3.15417519823508e-12
2.920379079768529e-12
2.690288925282318e-12
2.464868256005497e-12
2.245045298743776e-12
2.031708971450741e-12
1.825705094456068e-12
1.627832901869136e-12
1.438841790625391e-12
1.259428403980493e-12
1.090233985752974e-12
9.318420166865402e-13
7.847762103016364e-13
6.494988006488322e-13
5.264091330609599e-13
4.158426175133384e-13
3.180699693310943e-13
2.332968058143684e-13
1.616635384824013e-13
1.032455950914394e-13
5.805395542814671e-14
2.603598142298827e-14
7.076551780122583e-15
9.994829768595204e-16
7.569225438543499e-15
2.6492828544763e-14
5.742214739730212e-14
9.995629255162942e-14
1.53644291160446e-13
2.179879587175529e-13
2.924449565501708e-13
3.764320273433864e-13
4.693283773147264e-13
5.704791996655994e-13
6.791993154241371e-13
7.947768950778878e-13
9.164772787900283e-13
1.043546839925818e-12
1.175216892867433e-12
1.310707622741948e-12
1.449231992784695e-12
1.589999660814498e-12
1.732220853616394e-12
1.875110156618567e-12
2.017890262739334e-12
2.159795603380768e-12
2.300075914510259e-12
2.437999636509127e-12
2.572857196421827e-12
2.703964136629814e-12
2.830664082480676e-12
2.952331527434527e-12
3.068374415334024e-12
3.178236572332557e-12
3.281399866717363e-12
3.377386213489039e-12
3.465759336022992e-12
3.546126268429584e-12
3.618138694621547e-12
3.681494002787599e-12
3.735936129250365e-12
3.781256134378417e-12
3.81729257564681e-12
3.843931667940122e-12
3.861107136348089e-12
3.868799873628598e-12
3.867037431168456e-12
3.855893207171323e-12
3.835485465075293e-12
3.805976146772998e-12
3.767569506478302e-12
3.720510517888033e-12
3.665083134414447e-12
3.601608391051978e-12
3.530442338396366e-12
3.451973819827596e-12
3.36662217332287e-12
3.274834755323099e-12
3.177084397808405e-12
3.073866792000326e-12
2.965697728997209e-12
2.853110361639849e-12
2.736652379395773e-12
2.616883151887027e-12
2.494370863498586e-12
2.369689649721258e-12
2.243416716817784e-12
2.116129523023656e-12
1.988402972401683e-12
1.86080665534868e-12
1.733902175564732e-12
1.608240526898516e-12
1.484359577041651e-12
1.362781635725546e-12
1.244011138290247e-12
1.128532440445709e-12
1.016807756068661e-12
9.092752050975612e-13
8.063470268332356e-13
7.084079350362326e-13
6.158136264122097e-13
5.288894422150023e-13
4.479292226645926e-13
3.731942814351052e-13
3.049126064515617e-13
2.432781905192013e-13
1.884505595691905e-13
1.405544625111852e-13
9.967973710426464e-14
6.588134787403009e-14
3.917959072593862e-14
1.956046398555052e-14
6.976197461422512e-15
1.345940182642021e-15
2.55659592709096e-15
1.046380714266858e-14
2.489307449545692e-14
4.564100675346718e-14
7.247669525995034e-14
1.051432045183949e-13
1.433591623177645e-13
1.868204560987636e-13
2.352020050568598e-13
2.881596225646126e-13
3.45331932906696e-13
4.06342351145327e-13
4.708011117392921e-13
5.383073255943664e-13
6.084510823919893e-13
6.808155362323113e-13
7.549790280092851e-13
8.305171766478025e-13
9.070049850172359e-13
9.840188808876424e-13
1.061138765255298e-12
1.137949978544173e-12
1.214045250007404e-12
1.289026549913949e-12
1.362506896345867e-12
1.434112061547044e-12
1.503482228595994e-12
1.570273523082885e-12
1.634159451154512e-12
1.694832257112237e-12
1.752004154277324e-12
1.805408435043307e-12
1.854800474112098e-12
1.899958618190942e-12
1.940684943063008e-12
1.976805889468775e-12
2.00817276540398e-12
2.034662121629287e-12
2.056176028218191e-12
2.072642168012976e-12
2.084013877577987e-12
2.090269981166183e-12
2.091414581042422e-12
2.08747667881554e-12
2.078509694031371e-12
2.064590892779655e-12
2.045820673061624e-12
2.022321765088227e-12
1.994238348900279e-12
1.961735058381334e-12
1.92499589615911e-12
1.884223103819555e-12
1.839635920230973e-12
1.791469301707557e-12
1.739972572925826e-12
1.685408010731354e-12
1.628049422856616e-12
1.56818065775847e-12
1.506094103939549e-12
1.442089142518313e-12
1.37647063492888e-12
1.309547339410707e-12
1.241630402314419e-12
1.173031796664249e-12
1.104062815573841e-12
1.035032563790485e-12
9.662465091374854e-13
8.980050479494533e-13
8.306021185591707e-13
7.643238719939816e-13
6.994473896342519e-13
6.362394720550654e-13
5.749554794043267e-13
5.158382554591975e-13
4.591171258123908e-13
4.050069598239465e-13
3.537073352301581e-13
3.054017707900079e-13
2.602570620921516e-13
2.184226965538074e-13
1.800303590943893e-13
1.451935335898244e-13
1.140071973418406e-13
8.654761515832897e-14
6.287220974984855e-14
4.301954117330296e-14
2.700936931224805e-14
1.4842806281061e-14
6.502561294602104e-15
1.953267070611133e-15
1.141889048716756e-15
3.99821598189183e-15
1.043542609851295e-14
2.035072486335747e-14
3.362605347766645e-14
5.012885932815331e-14
6.971292793973002e-14
9.221926628817763e-14
1.174770394023181e-13
1.453045508851463e-13
1.755102611410104e-13
2.078938422329793e-13
2.422472593279161e-13
2.783558733605251e-13
3.159995680261851e-13
3.549538778026625e-13
3.949911229619753e-13
4.358815678277571e-13
4.773945326880774e-13
5.192995354450893e-13
5.61367389605509e-13
6.033712995808561e-13
6.450879135424836e-13
6.862983666956385e-13
7.267892641695617e-13
7.663536520612963e-13
8.047919183117386e-13
8.419126570293869e-13
8.775334972923919e-13
9.114818580430347e-13
9.435956342451386e-13
9.737238650993796e-13
1.001727303275503e-12
1.027478923703033e-12
1.050864400292349e-12
1.071782463323203e-12
1.090145224982565e-12
1.105878432908655e-12
1.118921640082016e-12
1.12922832530005e-12
1.136765921178026e-12
1.141515787839298e-12
1.143473137713734e-12
1.142646853364817e-12
1.139059271879685e-12
1.132745901209426e-12
1.123755079644069e-12
1.112147572426379e-12
1.097996100001652e-12
1.081384845761129e-12
1.062408891073649e-12
1.041173615385687e-12
1.01779404427336e-12
9.923941793441197e-13
9.651062630279306e-13
9.360700516790122e-13
9.054320224748372e-13
8.733445900202349e-13
8.399652851193586e-13
8.054559261745718e-13
7.699817806469928e-13
7.33710719386666e-13
6.968123764616552e-13
6.59457298456243e-13
6.218161128255729e-13
5.840586991253639e-13
5.463533791291038e-13
5.088661182616864e-13
4.71759758976428e-13
4.351932784427985e-13
3.993210615103837e-13
3.642922157157786e-13
3.302499264960832e-13
2.973308335252324e-13
2.656644622696793e-13
2.353726866455341e-13
2.065692368215656e-13
1.793592656844053e-13
1.538389427963001e-13
1.300951110800993e-13
1.082049855438687e-13
8.823591293877717e-14
7.024516691362167e-14
5.427980913288328e-14
4.037659073846495e-14
2.856191144115893e-14
1.885182820965735e-14
1.125210960034705e-14
5.758344177152319e-15
2.356096631404604e-15
1.021104258155114e-15
1.719525883318863e-15
4.408229402838224e-15
9.035120805474294e-15
1.553951304471961e-14
2.385253173590839e-14
3.389755469170353e-14
4.559068148679628e-14
5.884123723051858e-14
7.355229236881571e-14
8.962121744791034e-14
1.06940251122646e-13
1.253970891784627e-13
1.448754805415326e-13
1.652558458488101e-13
1.864158915536137e-13
2.082312415945674e-13
2.305760620816535e-13
2.533236828528986e-13
2.763472256732683e-13
2.995202127630453e-13
3.227171778880375e-13
3.458142539119087e-13
3.686897511013932e-13
3.9122471176996e-13
4.133034541081936e-13
4.348140787101713e-13
4.556489710917831e-13
4.757052489999354e-13
4.948852042714795e-13
5.130967050494453e-13
5.302535698569889e-13
5.462758948090095e-13
5.610903666122871e-13
5.746305252977922e-13
5.868369915557323e-13
5.976576707709348e-13
6.070478910868116e-13
6.149705427327768e-13
6.213961419546445e-13
6.263028802790066e-13
6.296766287035912e-13
6.315109018778246e-13
6.318067940740517e-13
6.305728712902012e-13
6.278250313403789e-13
6.235863424170343e-13
6.178868226680856e-13
6.107632138433819e-13
6.022587172677597e-13
5.924226979252242e-13
5.813103684633593e-13
5.689824441644248e-13
5.555047813358357e-13
5.409479952771952e-13
5.253870550142465e-13
5.089008621013103e-13
4.915718254374905e-13
4.734854161029885e-13
4.547297171836749e-13
4.353949645721036e-13
4.155730813267864e-13
3.953572195181869e-13
3.748412877537281e-13
3.541194921900993e-13
3.332858826255922e-13
3.124338940774785e-13
2.916559094270727e-13
2.71042823090605e-13
2.50683626725365e-13
2.306650051393015e-13
2.110709407901337e-13
1.919823501657716e-13
1.734767296861804e-13
1.556278305119319e-13
1.38505342959287e-13
1.221746170539252e-13
1.066963999834256e-13
9.212660310137925e-14
7.851609809872324e-14
6.591053030887798e-14
5.435016863114516e-14
4.386977741788596e-14
3.449852061476664e-14
2.62598923381167e-14
1.917167426151504e-14
1.324592195193479e-14
8.488979214181391e-15
4.901521596358148e-15
2.478621711122946e-15
1.209845588270744e-15
1.079372984160382e-15
2.066140032232214e-15
4.144008363955404e-15
7.281953312484275e-15
1.144427723567964e-14
1.659083847060617e-14
2.267730222992849e-14
2.9655406599408e-14
3.747324513644416e-14
4.607556100317372e-14
5.54040577706116e-14
6.539771898157673e-14
7.599313610435682e-14
8.712484189431255e-14
9.872565650170477e-14
1.107270296276766e-13
1.230593885450589e-13
1.356524882967145e-13
1.48435758200796e-13
1.613386429742473e-13
1.74290950934485e-13
1.872231780631188e-13
2.00066841896588e-13
2.127547939123987e-13
2.252215335078422e-13
2.374034940616557e-13
2.49239333539983e-13
2.60670196105638e-13
2.716399698461921e-13
2.820955181776661e-13
2.919869012296832e-13
3.012675766494572e-13
3.098945776739503e-13
3.178286828576952e-13
3.250345498187468e-13
3.314808421467521e-13
3.371403301215885e-13
3.419899650081161e-13
3.460109404201557e-13
3.491887315560148e-13
3.515131059272137e-13
3.529781243232582e-13
3.535821045049805e-13
3.533275893061125e-13
3.522212708086312e-13
3.502739043341715e-13
3.475002103050276e-13
3.439187528862763e-13
3.395517962225437e-13
3.344251544144998e-13
3.285680148974948e-13
3.220127635237266e-13
3.147947782816342e-13
3.069522277508369e-13
2.985258439816984e-13
2.895586988902208e-13
2.80095963070549e-13
2.701846585259559e-13
2.598734126654479e-13
2.492121997932123e-13
2.382520804254514e-13
2.270449418665838e-13
2.156432434418039e-13
2.040997448814606e-13
1.9246724830625e-13
1.807983500477566e-13
1.69145184494347e-13
1.575591766805654e-13
1.460908065376306e-13
1.347893701226792e-13
1.237027639872882e-13
1.128772657446459e-13
1.023573352098123e-13
9.218541792379909e-14
8.240177114571096e-14
7.304429266384933e-14
6.41483715735025e-14
5.574674590060959e-14
4.786937878311841e-14
4.054335192303987e-14
3.379276827548963e-14
2.763867548895752e-14
2.209899930893981e-14
1.718850392722396e-14
1.291875324519774e-14
9.298100192788459e-15
6.33168491671342e-15
4.021452980763517e-15
2.366185671085269e-15
1.361545939310592e-15
1.000138741002035e-15
1.271585741728956e-15
2.16261351437155e-15
3.657153071042894e-15
5.736454470559436e-15
8.379210558951249e-15
1.156169028364659e-14
1.525788638170427e-14
1.943966872550901e-14
2.407694683668921e-14
2.913783668098431e-14
3.458884144758751e-14
4.039503149605579e-14
4.652022700518905e-14
5.292719571368964e-14
5.95778371151132e-14
6.643338240009207e-14
7.34545872072667e-14
8.060192638875009e-14
8.783578980614375e-14
9.511666649331437e-14
1.02405346792499e-13
1.096630964770634e-13
1.168518357255335e-13
1.2393432474091e-13
1.30874321351771e-13
1.376367511694735e-13
1.441878549490852e-13
1.504953360168147e-13
1.565284973940811e-13
1.622583745983003e-13
1.676578459579454e-13
1.727017428039601e-13
1.773669425524173e-13
1.816324614983753e-13
1.854795220506491e-13
1.888916166620464e-13
1.918545617369994e-13
1.943565332037701e-13
1.963880963719664e-13
1.979422189342687e-13
1.990142787620994e-13
1.996020523222558e-13
1.997056975714799e-13
1.993277222329704e-13
1.984729437238524e-13
1.971484361466884e-13
1.953634679833529e-13
1.93129429667355e-13
1.904597574508725e-13
1.873698357457351e-13
1.838769054760745e-13
1.799999554617192e-13
1.757596048152128e-13
1.711779923425562e-13
1.662786470994239e-13
1.610863565187443e-13
1.556270301232039e-13
1.499275682653752e-13
1.440157104754501e-13
1.379199001481394e-13
1.316691362181058e-13
1.252928228239885e-13
1.188206250101494e-13
1.122823257333014e-13
1.057076763828099e-13
9.91262535185211e-14
9.25673240388772e-14
8.605970094731747e-14
7.963161457032636e-14
7.331058152173221e-14
6.712328174785016e-14
6.109543573872934e-14
5.525169755210941e-14
4.961554720442299e-14
4.42091901070046e-14
3.905346597820549e-14
3.416776476040012e-14
2.956995029115412e-14
2.527629483659263e-14
2.130141542083897e-14
1.765822846250423e-14
1.435790230622843e-14
1.140982902116611e-14
8.821597260572568e-15
6.598981027960787e-15
4.745930406816759e-15
3.264576587301398e-15
2.155241946003186e-15
1.41646219906703e-15
1.045013687888783e-15
1.035950851025888e-15
1.382650824535064e-15
2.076866071497708e-15
3.108783138000614e-15
4.467090543031907e-15
6.139049380205373e-15
8.110574591958611e-15
1.0366317599848e-14
1.288975721454966e-14
1.566329230637281e-14
1.866834121548346e-14
2.188544275574642e-14
2.529436199828945e-14
2.887419754579414e-14
3.260348799397181e-14
3.646032785222749e-14
4.042247347573038e-14
4.446745805973222e-14
4.857270203242035e-14
5.271562467932259e-14
5.687375266119208e-14
6.102482666723489e-14
6.514690860609174e-14
6.921848308482136e-14
7.321855478953896e-14
7.712674493651126e-14
8.092338347847927e-14
8.458959492831251e-14
8.810737784735114e-14
9.14596852697266e-14
9.463049171399325e-14
9.760486022011959e-14
1.003690000389522e-13
1.029103212696773e-13
1.052174773763588e-13
1.072804083592929e-13
1.090903718577744e-13
1.106399674774835e-13
1.119231597321329e-13
1.12935286085501e-13
1.136730654900152e-13
1.141345969552879e-13
1.143193467077233e-13
1.142281398004742e-13
1.138631359821338e-13
1.132278035999835e-13
1.123268840489061e-13
1.111663563295106e-13
1.097533910318983e-13
1.080963014200403e-13
1.062044838697417e-13
1.040883668496779e-13
1.017593429535379e-13
9.922970279217217e-14
9.651256211856235e-14
9.362178988854778e-14
9.05719349745698e-14
8.737814199092648e-14
8.405607212538057e-14
8.062182276306061e-14
7.70918439582975e-14
7.348285185587906e-14
6.981174534547857e-14
6.609552836155634e-14
6.235121863182784e-14
5.859576443708391e-14
5.484597147176009e-14
5.111841743477037e-14
4.742937736755888e-14
4.379474710964373e-14
4.022997217373475e-14
3.674998022265336e-14
3.336911095986812e-14
3.010105743474268e-14
2.695881093899431e-14
2.395460015096574e-14
2.109984745783924e-14
1.840512187790237e-14
1.588009738310054e-14
1.353352039535256e-14
1.137317584104091e-14
9.405862312645771e-15
7.637373778902905e-15
6.07248340130601e-15
4.714931064794762e-15
3.567420304904859e-15
2.631617305732907e-15
1.908155968762952e-15
1.396648052334995e-15
1.095696951390581e-15
1.002917414823138e-15
1.114958986080965e-15
1.427533971220405e-15
1.93544957907718e-15
2.632644319471759e-15
3.512227275453242e-15
4.566521417595152e-15
5.787111297421844e-15
7.164890243707538e-15
8.690113484880975e-15
1.035245361490217e-14
1.21410561590938e-14
1.404459889659307e-14
1.605134971879624e-14
1.814922932943123e-14
2.032587461861899e-14
2.256869972330019e-14
2.486495882242431e-14
2.72018093564091e-14
2.95663768178583e-14
3.194581369475928e-14
3.432736357889655e-14
3.669841905943068e-14
3.904658283004206e-14
4.13597224888746e-14
4.362602726981633e-14
4.583406013350235e-14
4.797280783401829e-14
5.003173111368166e-14
5.200080757021565e-14
5.387057276513642e-14
5.563216208712631e-14
5.72773453943298e-14
5.879855667118868e-14
6.018892580221967e-14
6.144230228561753e-14
6.255327536603616e-14
6.351718914049577e-14
6.433016441090988e-14
6.498909738096345e-14
6.549167244357102e-14
6.583636061463831e-14
6.602242108395758e-14
6.604989151918444e-14
6.591957953050922e-14
6.563305294620311e-14
6.51926188029642e-14
6.460130339321963e-14
6.386283517179112e-14
6.298161224367497e-14
6.196267499227675e-14
6.081167385140083e-14
5.953483926237054e-14
5.813893708009728e-14
5.663123537456295e-14
5.501946169486253e-14
5.331175943055951e-14
5.151664772334547e-14
4.96429701175085e-14
4.769985236866243e-14
4.569665322143538e-14
4.364291647671065e-14
4.154832448724197e-14
3.942264720334794e-14
3.727569548848225e-14
3.511727258911594e-14
3.295712757285596e-14
3.08049069690229e-14
2.867011199437388e-14
2.656205002410978e-14
2.448979602452822e-14
2.246214953756564e-14
2.048759422417717e-14
1.857426090907438e-14
1.67298932545106e-14
1.496181389586515e-14
1.327689224451558e-14
1.168151884996653e-14
1.018157958731494e-14
8.78243128458282e-15
7.4888828905366e-15
6.305178743011187e-15
5.234984598992485e-15
4.281376110796129e-15
3.446830914193378e-15
2.733224617734381e-15
2.14182741843871e-15
1.67330588486544e-15
1.327727413848356e-15
1.104565732563288e-15
1.00271186405105e-15
1.020485722794876e-15
1.155651462610013e-15
1.405434948776896e-15
1.766543405928451e-15
2.235188544784806e-15
2.807109588416246e-15
3.477600863410823e-15
4.241539825135125e-15
5.093416120300992e-15
6.027363600616991e-15
7.037193919870745e-15
8.116428068100884e-15
9.2583345716299e-15
1.045596163369489e-14
1.170217682641229e-14
1.298970140556023e-14
1.431114832467312e-14
1.565905950789815e-14
1.702594205216437e-14
1.840430734442824e-14
1.978670457226864e-14
2.116575586663499e-14
2.253419347166122e-14
2.388489411948917e-14
2.521090870246338e-14
2.650549625153879e-14
2.776215422845603e-14
2.897464528132493e-14
3.013702543412144e-14
3.124366972989557e-14
3.228929494165295e-14
3.32689815988218e-14
3.417819347141516e-14
3.501279300614756e-14
3.576905820655345e-14
3.644369693564946e-14
3.70338551500699e-14
3.753712682948131e-14
3.795155764410147e-14
3.827565089355198e-14
3.850837050325931e-14
3.864913767134913e-14
3.869782842077501e-14
3.86547719506632e-14
3.852073578385555e-14
3.829692537295182e-14
3.798496825501387e-14
3.758690146838723e-14
3.710515536086116e-14
3.654253899727575e-14
3.590222084351098e-14
3.518770992740383e-14
3.440283243094285e-14
3.355171373755153e-14
3.263875130888729e-14
3.166858838845989e-14
3.064609252649882e-14
2.957632700405238e-14
2.846452600013388e-14
2.731606516975939e-14
2.613643626744547e-14
2.493121705193702e-14
2.370604376806119e-14
2.246658278631928e-14
2.121850715730349e-14
1.996746368991e-14
1.871905062797287e-14
1.747878762072866e-14
1.625209193279211e-14
1.504425498013447e-14
1.386041649281361e-14
1.270554183825996e-14
1.158439962073383e-14
1.050154481814787e-14
9.461294272283425e-15
8.467712937476963e-15
7.52459384290151e-15
6.635446960235647e-15
5.803481613614391e-15
5.031597625839905e-15
4.322373871300985e-15
3.678059483345955e-15
3.10056705828926e-15
2.591467803807835e-15
2.151986286917004e-15
1.783001145178368e-15
1.485042668282976e-15
1.258295229585349e-15
1.102600291436251e-15
1.017461209120835e-15
1.002049252884082e-15
1.055211556564557e-15
1.175480447435815e-15
1.361084237169512e-15
1.609958834153571e-15
1.91976158287646e-15
2.287885678078481e-15
2.711475294742778e-15
3.187442197010922e-15
3.712484555291582e-15
4.283104235016193e-15
4.895625165731433e-15
5.546215859780606e-15
6.230906002512043e-15
6.945609788160951e-15
7.686146519329271e-15
8.448261364462321e-15
9.227647418129981e-15
1.0019965789797e-14
1.082086774704929e-14
1.162601599480838e-14
1.243110516450544e-14
1.323188188855972e-14
1.402416609875406e-14
1.480386876696283e-14
1.55670109649058e-14
1.630974114421489e-14
1.702835430297448e-14
1.771930594400919e-14
1.837922900490486e-14
1.900494701042988e-14
1.959348736803996e-14
2.014209394261455e-14
2.064823703663708e-14
2.110962410335889e-14
2.152420670115187e-14
2.189018932660055e-14
2.220603431954412e-14
2.247046677657573e-14
2.268247598151487e-14
2.284132089322955e-14
2.294652725289659e-14
2.299788787222543e-14
2.299546317349462e-14
2.293957356479335e-14
2.283079863174186e-14
2.266997001528186e-14
2.245816400833908e-14
2.219669344541515e-14
2.188710114743259e-14
2.153114638379782e-14
2.113079661088152e-14
2.068821317531793e-14
2.02057405855866e-14
1.968589192134293e-14
1.913133421874216e-14
1.854487593173413e-14
1.792944836780605e-14
1.728809090897049e-14
1.662393691537865e-14
1.594019546584017e-14
1.524013360489949e-14
1.452706241878406e-14
1.38043179764503e-14
1.307524634733591e-14
1.234318575068394e-14
1.161145072209654e-14
1.088331699923604e-14
1.016200434644557e-14
9.450662497618813e-15
8.752356584720653e-15
8.070052501309309e-15
7.406604927164839e-15
6.764743514005839e-15
6.147060984757726e-15
5.556003230506542e-15
4.993858860412582e-15
4.462749437192149e-15
3.96462199620479e-15
3.501240433632872e-15
3.074181776771271e-15
2.684828534010782e-15
2.334364818432801e-15
2.023774066313242e-15
1.753836267405997e-15
1.525126200422326e-15
1.338013987784672e-15
1.192665538970496e-15
1.089044188356827e-15
1.026913314452437e-15
1.00583995640158e-15
1.025199315931399e-15
1.084180020815254e-15
1.181790101543315e-15
1.31686409203481e-15
1.48807068837037e-15
1.693920842461077e-15
1.932777386293691e-15
2.202863349042332e-15
2.502273285079307e-15
2.828983967995856e-15
3.18086489528962e-15
3.555689862980424e-15
3.951149010333624e-15
4.364861793916553e-15
4.794388407105078e-15
5.237242047547571e-15
5.690902235501104e-15
6.152827994620447e-15
6.620469364167684e-15
7.091280465800143e-15
7.562732585963675e-15
8.03232492967473e-15
8.497598720612642e-15
8.956145967204528e-15
9.405623138411761e-15
9.843760365316808e-15
1.026837118101161e-14
1.067736421530667e-14
1.106875048030843e-14
1.144065162966148e-14
1.179130830082689e-14
1.211908705340478e-14
1.242248489044885e-14
1.270013774847949e-14
1.295082298031922e-14
1.317346301955408e-14
1.336712937025697e-14
1.35310452375046e-14
1.366458745947859e-14
1.376728490675397e-14
1.383882106386047e-14
1.387903323347796e-14
1.388791046179468e-14
1.386559131800954e-14
1.381236329924532e-14
1.372865808227327e-14
1.361504795886374e-14
1.347224188259377e-14
1.330108057081768e-14
1.310253124582775e-14
1.287768146073972e-14
1.262773352266177e-14
1.235399645848991e-14
1.205788141491635e-14
1.174089089609806e-14
1.140461424907067e-14
1.105071669822379e-14
1.068093106652103e-14
1.029705194722676e-14
9.900922370083036e-15
9.494428463683105e-15
9.079486979831108e-15
8.658037418325021e-15
8.232033235591542e-15
7.80342879984736e-15
7.374173389611198e-15
6.946198411272794e-15
6.521411396843617e-15
6.101683795394241e-15
5.688843008356469e-15
5.284663179138646e-15
4.890856976705029e-15
4.509067835929648e-15
4.140861390063654e-15
3.787720730781568e-15
3.451036190054983e-15
3.13210258409163e-15
2.832112072189851e-15
2.552151676687782e-15
2.293197081651978e-15
2.056110151725654e-15
1.841636997345288e-15
1.650405337344802e-15
1.482923495797207e-15
1.339579996139414e-15
1.220643620149553e-15
1.126263706150046e-15
1.056471635238286e-15
1.011182536757573e-15
9.901973657779613e-16
9.932056795360729e-16
1.019788765436302e-15
1.069423185055622e-15
1.141484964769952e-15
1.235253594703641e-15
1.349917578701252e-15
1.484579109834285e-15
1.638260887919096e-15
1.80991178351081e-15
1.998414597799303e-15
2.202593214203819e-15
2.421222133905304e-15
2.653035920996806e-15
2.89673992877699e-15
3.151022577480747e-15
3.414569177049392e-15
3.686077331672435e-15
3.964276495567807e-15
4.247947659921383e-15
4.535949884590696e-15
4.827247164028187e-15
5.120948329107992e-15
5.416342929113413e-15
5.7129552455343e-15
6.010605155211696e-15
6.30947757846924e-15
6.610209284642254e-15
6.913990919854644e-15
7.222686444100955e-15
7.538970294654198e-15
7.866489328537324e-15
8.210040908201132e-15
8.575776743486612e-15
8.971422469631234e-15
9.406514434339236e-15
9.892645747696881e-15
1.044371436802344e-14
1.10761605582685e-14
1.180918179568146e-14
1.266490253568962e-14
1.366848416092396e-14
1.484813982972324e-14
1.623503600467499e-14
1.786304155284129e-14
1.976829917666753e-14
2.198857992909447e-14
2.456239571920635e-14
2.752784049642757e-14
3.092114074741961e-14
3.477490826276776e-14
3.911609376507054e-14
4.396366428188101e-14
4.932604386364388e-14
5.519837586222026e-14
6.15596957047347e-14
6.837012925458758e-14
7.556825309475581e-14
8.306878810419006e-14
9.076081386338268e-14
9.850671478850503e-14
1.061420841232635e-13
1.134768073382967e-13
1.202975520626386e-13
1.263718635130665e-13
1.314540350256677e-13
1.352928655564755e-13
1.376413704695683e-13
1.382684009481284e-13
1.369720571990425e-13
1.335946521103396e-13
1.28038870915578e-13
1.202846412949919e-13
1.104061055932521e-13
9.858796263033987e-14
8.514034724633846e-14
7.051132094988324e-14
5.529599030194245e-14
4.02412627685869e-14
2.624525438221461e-14
1.435045599541541e-14
5.729880367272116e-15
1.665611324797816e-15
3.519410938312571e-15
1.269534792797319e-14
3.059475421844528e-14
5.856420691920351e-14
9.783764706102676e-14
1.494741704835761e-13
2.14293448531226e-13
2.928111202911064e-13
3.85176842314234e-13
4.911179396320448e-13
6.098917779487892e-13
7.402500177196941e-13
8.804178420358235e-13
1.028090994335093e-12
1.180453098704002e-12
1.334215153801213e-12
1.485678428793494e-12
1.630821102587395e-12
1.765408054466122e-12
1.885122141886265e-12
1.9857142246065e-12
2.063168042991377e-12
2.113875002842766e-12
2.134812960621856e-12
2.123722226103211e-12
2.079271413231627e-12
2.001205358760605e-12
1.890467258135793e-12
1.749287407870339e-12
1.581231528650357e-12
1.39120261888145e-12
1.185391579767572e-12
9.711735041377763e-13
7.569484668110761e-13
5.519278127761708e-13
3.658692774266602e-13
2.087667056397865e-13
9.050250315792671e-14
2.047324449896831e-14
7.20087652591022e-15
5.794365656953811e-14
1.783221987226003e-13
3.71976704091769e-13
6.402715450696308e-13
9.820627902414076e-13
1.393542985540247e-12
1.868175514367608e-12
2.396728229603797e-12
2.967412776066054e-12
3.566132246012104e-12
4.176835628589999e-12
4.781973071708596e-12
5.363041497961547e-12
5.901205625134201e-12
6.377975439237226e-12
6.775917391105833e-12
7.079373787663959e-12
7.275162647314222e-12
7.353229223214568e-12
7.307220393605567e-12
7.134954311041085e-12
6.838760089978425e-12
6.425665934162237e-12
5.907418755878966e-12
5.300324098916456e-12
4.624901632288069e-12
3.905358643470518e-12
3.168891339383535e-12
2.444831307046545e-12
1.763661648026497e-12
1.155933963024169e-12
6.51123123680536e-13
2.764612883239483e-13
5.579578380947522e-14
8.516939970133209e-15
1.486016549400979e-13
4.838162678581832e-13
1.015118225750895e-12
1.736290116854143e-12
2.633832057665527e-12
3.687129388025981e-12
4.868902444274002e-12
6.145934233096554e-12
7.480060489553915e-12
8.829395394386455e-12
1.014975550329386e-11
1.139623480085043e-11
1.252487560723531e-11
1.349437372461579e-11
1.426775213358195e-11
1.481393593387638e-11
1.510916230806907e-11
1.51381631126925e-11
1.489506411179383e-11
1.438395410301185e-11
1.361908839320352e-11
1.262470440636569e-11
1.143444188046179e-11
1.009037574378526e-11
8.641685578480534e-12
7.143001153827692e-12
5.652477973359579e-12
4.229669638599522e-12
2.933274439330746e-12
1.818841385602304e-12
9.365255723454966e-13
3.289838463314377e-13
2.949923767145374e-14
6.041628648943273e-14
4.3195958488973e-13
1.14149468561884e-12
2.173274573517406e-12
3.498696642029854e-12
5.077075275307069e-12
6.856914412234455e-12
8.777643764339028e-12
1.077176244533418e-11
1.276731559333533e-11
1.469061387934563e-11
1.646909332201136e-11
1.80342042653917e-11
1.932421402055581e-11
2.028680812988531e-11
2.088138021155137e-11
2.108091016557942e-11
2.08733446650744e-11
2.026241177450259e-11
1.926782287770177e-11
1.792483883909245e-11
1.628320267255615e-11
1.440546695766547e-11
1.236476967500918e-11
1.024213596866079e-11
8.123404541100544e-12
6.095895040528198e-12
4.244946066957896e-12
2.650461596473252e-12
1.38360634103926e-12
5.037873834622725e-13
5.60506176886491e-14
6.900622812130478e-14
5.533783435131774e-13
1.501250529651163e-12
2.886051647914923e-12
4.663296844164849e-12
6.772067539150998e-12
9.13718358071292e-12
1.16719914321438e-11
1.428166555792698e-11
1.686689717177693e-11
1.932782628169265e-11
2.156806035511532e-11
2.349861661410847e-11
2.50416252639184e-11
2.613363806290416e-11
2.672840030793997e-11
2.679896419733693e-11
2.633904682426015e-11
2.536356551794406e-11
2.390831636426379e-11
2.202879646186266e-11
1.979820596981276e-11
1.730470050320876e-11
1.46479964393421e-11
1.193545998105904e-11
9.277833997972874e-12
6.784773776290894e-12
4.560372956941493e-12
2.698863694026495e-12
1.280670312181702e-12
3.689838996693922e-13
7.006460121997205e-15
2.159866081804509e-13
9.94135558501029e-13
2.31647643909232e-12
4.135643603710509e-12
6.3836101992045e-12
8.974282885513917e-12
1.180686529748129e-11
1.47698586905519e-11
1.774554034651742e-11
2.061473890605786e-11
2.326171163118801e-11
2.557892243504837e-11
2.747152156418709e-11
2.886133801231321e-11
2.969021420476796e-11
2.992253941082695e-11
2.95468723638716e-11
2.857657962325594e-11
2.704945389920275e-11
2.502631855729915e-11
2.258866858995934e-11
1.983543966218987e-11
1.687903379503181e-11
1.38407620117308e-11
1.084588964100961e-11
8.01848784623936e-12
5.476304448347298e-12
3.325867981852463e-12
1.658031363440341e-12
5.441452691393194e-13
3.302282556431633e-14
1.488181803563925e-13
8.89911181925587e-13
2.228861778275622e-12
4.113443879386289e-12
6.468714228554698e-12
9.200032152882054e-12
1.219690896940074e-11
1.533753052613641e-11
1.849376698919167e-11
2.15364625242375e-11
2.434078490333355e-11
2.679141169865246e-11
2.878733588050408e-11
3.024608880233131e-11
3.110720160083237e-11
3.13347564303506e-11
3.091891993382255e-11
2.987639530780589e-11
2.824976940207424e-11
2.610577806372259e-11
2.353256091007496e-11
2.063601917145413e-11
1.75354276950016e-11
1.435848387453656e-11
1.123600027157911e-11
8.296463114465507e-12
5.660684945302553e-12
3.436775936163397e-12
1.71564331362726e-12
5.672000069793992e-13
3.744207844677131e-14
1.465576901164435e-13
8.881345238630011e-13
2.229444676668718e-12
4.112821647809832e-12
6.458091519651233e-12
9.165949654989937e-12
1.212213622927932e-11
1.520223375650683e-11
1.827688447353976e-11
2.121720790394343e-11
2.390019073415556e-11
2.62138226544276e-11
2.806176328777006e-11
2.936734486756743e-11
3.007673618201327e-11
3.016112178054074e-11
2.961783111403629e-11
2.847039963779189e-11
2.676752491963267e-11
2.458095341478412e-11
2.200240152300698e-11
1.913964675148909e-11
1.611195571223227e-11
1.304504309565601e-11
1.006577525485278e-11
7.296842257219716e-12
4.851622641070121e-12
2.82945555721914e-12
1.311518097553607e-12
3.574957749176605e-13
3.209798095719712e-15
2.592122332039806e-13
1.110381093270876e-12
2.516670890284307e-12
4.414932815186929e-12
6.721681053021897e-12
9.336697121877793e-12
1.214732237782827e-11
1.50332549787839e-11
1.787164613694507e-11
2.054227870410588e-11
2.293260869377299e-11
2.494245737280156e-11
2.648815785251598e-11
2.750598492987942e-11
2.795472332141965e-11
2.781726013637437e-11
2.710115807926038e-11
2.583819655328433e-11
2.408288598637429e-11
2.19100283382932e-11
1.941143653797744e-11
1.669195663793631e-11
1.386496510381564e-11
1.104753508839264e-11
8.355478579921867e-12
5.898475465924396e-12
3.775495862999739e-12
2.070707839562334e-12
8.500338268237385e-13
1.584767792438342e-13
1.836394905954032e-14
4.286390089727707e-13
1.365101460095243e-12
2.781576244467358e-12
4.612025380575838e-12
6.77349629361747e-12
9.16976391929549e-12
1.169550503185957e-11
1.424082388904059e-11
1.669593475646254e-11
1.89558016311087e-11
2.092453891585615e-11
2.251938872807068e-11
2.367410967663842e-11
2.434163421209181e-11
2.449587836065548e-11
2.413264359433089e-11
2.326960545577717e-11
2.194538129499541e-11
2.021770729193891e-11
1.816081622758499e-11
1.586213959160616e-11
1.341848088563814e-11
1.093182725912839e-11
8.504980559655333e-12
6.237194929790642e-12
4.220006059869113e-12
2.533427430549221e-12
1.242673281266699e-12
3.955493557933505e-13
2.061963437270469e-14
1.261922747865359e-13
7.001479368061626e-13
1.71065427142609e-12
3.107729932172704e-12
4.825560358430549e-12
6.785457025182886e-12
8.899331122173729e-12
1.107352994806943e-11
1.321286922009241e-11
1.522468758722979e-11
1.7022750455816e-11
1.853083855219727e-11
1.968587187235465e-11
2.044044084971292e-11
2.076464245472367e-11
2.064715019187513e-11
2.009548322610366e-11
1.91354726861207e-11
1.780995464098259e-11
1.617675386367172e-11
1.430605301274667e-11
1.227726660098831e-11
1.017555867067104e-11
8.088156729213674e-12
6.100621457888046e-12
4.29323174212924e-12
2.737637514390319e-12
1.493919065432906e-12
6.081719892607866e-13
1.107161362933712e-13
1.500518547836004e-14
3.172752405080325e-13
9.969255263489049e-13
2.017603487601499e-12
3.328947138066603e-12
4.868905047196302e-12
6.566526548279329e-12
8.345096061218472e-12
1.012547300581231e-11
1.182949206499984e-11
1.338327789143602e-11
1.472033385300746e-11
1.578427570895562e-11
1.65310976684215e-11
1.693087948394083e-11
1.696886921853011e-11
1.664590561535488e-11
1.597817219690056e-11
1.499630108688942e-11
1.374387176645432e-11
1.227537678311429e-11
1.06537490920553e-11
8.947563021939609e-12
7.228033076987084e-12
5.565941631482228e-12
4.028627846021287e-12
2.67716577539528e-12
1.563849995938239e-12
7.300924110233961e-13
2.048143076193761e-13
3.393729583599707e-15
1.272033536642097e-13
5.637516117998907e-13
1.28741571600429e-12
2.260727221846379e-12
3.436145477681469e-12
4.758235009399743e-12
6.166147804758032e-12
7.596300075274274e-12
8.985126302104669e-12
1.027179166255216e-11
1.140074742052837e-11
1.232402225039925e-11
1.300315536168633e-11
1.341069395895804e-11
1.353119746408258e-11
1.336171296953404e-11
1.291170964377278e-11
1.220248312083959e-11
1.126606331344819e-11
1.014368000122535e-11
8.883858694975113e-12
7.540234008798814e-12
6.169178547022254e-12
4.827351707946336e-12
3.569274586751018e-12
2.445034386349082e-12
1.498214555315936e-12
7.641357801570827e-13
2.684785283500747e-13
2.634064709185206e-14
4.176369695464965e-14
3.077402795755461e-13
8.066934920476901e-13
1.511400256348719e-12
2.386312281779077e-12
3.389212024946136e-12
4.473127327851814e-12
5.588418384880386e-12
6.684944671018706e-12
7.714217556403872e-12
8.631446519367537e-12
9.397392920876178e-12
9.979954989226414e-12
1.035542047603983e-11
1.050933884756057e-11
1.043698212664986e-11
1.014338168607154e-11
9.642946570246199e-12
8.958686652531362e-12
8.121080458893265e-12
7.166642226373833e-12
6.13625477849825e-12
5.073343817723286e-12
4.021974729683524e-12
3.024954936886105e-12
2.122023184914148e-12
1.348202004066875e-12
7.323812329742715e-13
2.96189312471094e-13
5.319561445109209e-14
8.472103574446647e-15
1.585269105520644e-13
4.91606370077004e-13
9.883462916847055e-13
1.622738342259324e-12
2.363364328043927e-12
3.174840487368203e-12
