20
0.01
0.001256637056443275
0.001256479981732338
0.001256008830245772
0.001255223845403608
0.001254125443221696
0.001252714212049817
0.001250990912199375
0.001248956475457011
0.00124661200448528
0.001243958772110939
0.001240998220500886
0.001237731960226861
0.001234161769219213
0.001230289591610768
0.001226117536471289
0.001221647876433649
0.001216883046212755
0.001211825641018103
0.001206478414861111
0.001200844278758698
0.001194926298833948
0.001188727694315717
0.00118225183543824
0.001175502241242337
0.001168482577279922
0.001161196653223317
0.001153648420381176
0.001145841969122593
0.001137781526211556
0.001129471452053449
0.001120916237855522
0.001112120502703567
0.001103088990556703
0.00109382656716246
0.001084338216894471
0.001074629039514799
0.00106470424686357
0.001054569159477842
0.001044229203142527
0.001033689905375479
0.001022956891849555
0.001012035882753862
0.00100093268909726
0.0009896532089560992
0.0009782034236695436
0.0009665893939845965
0.0009548172561540547
0.0009428932179897145
0.0009308235548740136
0.0009186146057326373
0.0009062727689711269
0.0008938044983783203
0.000881216298999392
0.0008685147229816357
0.0008557063653957003
0.0008427978600353345
0.0008297958751986516
0.0008167071094536602
0.0008035382873912581
0.0007902961553686758
0.0007769874772461107
0.0007636190301197602
0.0007501976000541959
0.0007367299778168699
0.000723222954618186
0.0007096833178594198
0.0006961178468921332
0.0006825333087914936
0.0006689364541468225
0.0006553340128719412
0.0006417326900384504
0.0006281391617347667
0.0006145600709536778
0.0006010020235112757
0.0005874715840001753
0.000573975271779609
0.0005605195570052431
0.0005471108567013948
0.0005337555308783485
0.0005204598786972977
0.0005072301346856195
0.0004940724650050011
0.0004809929637748498
0.0004679976494535771
0.000455092461280073
0.0004422832557777276
0.0004295758033234735
0.0004169757847838645
0.0004044887882206243
0.0003921203056677464
0.0003798757299822067
0.000367760351770352
0.0003557793563920662
0.0003439378210443828
0.0003322407119267032
0.0003206928814892141
0.0003092990657663356
0.0002980638817968195
0.0002869918251321066
0.0002760872674345559
0.00026535445416691
0.0002547975023744193
0.0002444203985610668
0.0002342269966608758
0.0002242210161058632
0.0002144060399913683
0.0002047855133400716
0.0001953627414655555
0.0001861408884362509
0.000177122975640668
0.0001683118804546083
0.0001597103350109911
0.0001513209250729554
0.0001431460890106173
0.0001351881168820668
0.000127449149618841
0.0001199311783161234
0.0001126360436280308
0.0001055654352679156
9.87208916138636e-05
9.210379941923698e-05
8.571539362828162e-05
7.955675729647734e-05
7.362882161549056e-05
6.793236604225591e-05
6.246801853189321e-05
5.723625587389676e-05
5.223740413105251e-05
4.747163918043497e-05
4.29389873557715e-05
3.863932619041647e-05
3.457238526001261e-05
3.073774712400366e-05
2.713484836489332e-05
2.376298072429044e-05
2.062129233450754e-05
1.77087890445907e-05
1.502433583946604e-05
1.256665835086243e-05
1.033434445866921e-05
8.325845981192848e-06
6.539480452854677e-06
4.973432987724821e-06
3.62575822723994e-06
2.494382370439422e-06
1.577105284938303e-06
8.716026968567824e-07
3.754284578255531e-07
8.601688717257277e-08
6.851873253637921e-10
1.166359304092242e-07
4.309596140062089e-07
9.406372840468133e-07
1.642543222516941e-06
2.533447697941342e-06
3.610019776378578e-06
4.868830190685605e-06
6.306354265726542e-06
7.918974897230976e-06
9.702985581918376e-06
1.165459349652186e-05
1.376992262325302e-05
1.604501691931452e-05
1.847584352795679e-05
2.105829602859257e-05
2.378819772346325e-05
2.666130495834669e-05
2.967331047470599e-05
3.281984679077916e-05
3.609648960900662e-05
3.949876124720056e-05
4.302213409089426e-05
4.666203406426902e-05
5.041384411701521e-05
5.427290772457683e-05
5.823453239913663e-05
6.229399320876378e-05
6.644653630209836e-05
7.06873824359911e-05
7.501173050350216e-05
7.94147610597013e-05
8.389163984267929e-05
8.843752128723459e-05
9.304755202863701e-05
9.771687439409661e-05
0.0001024406298792214
0.000107213962607189
0.00011203202276802
0.0001168899700355981
0.0001217829769600178
0.0001267062323328306
0.0001316549445229432
0.0001366243447806992
0.0001416096905080018
0.0001466062684921194
0.0001516093981010422
0.0001566144344381084
0.0001616167714538885
0.0001666118450131123
0.0001715951359146713
0.0001765621728625741
0.0001815085353860485
0.000186429856706716
0.0001913218265510732
0.0001961801939063341
0.0002010007697180233
0.0002057794295274482
0.0002105121160474581
0.0002151948416748841
0.0002198236909379854
0.0002243948228775769
0.0002289044733602173
0.0002333489573221824
0.0002377246709427775
0.0002420280937458558
0.0002462557906281963
0.0002504044138136372
0.0002544707047319
0.0002584514958209935
0.0002623437122523525
0.0002661443735776472
0.000269850595296536
0.0002734595903445301
0.0002769686705002723
0.00028037524771158
0.0002836768353396365
0.0002868710493208027
0.0002899556092456868
0.0002929283393549298
0.0002957871694514563
0.0002985301357289747
0.0003011553815164549
0.0003036611579384085
0.0003060458244910506
0.0003083078495341905
0.0003104458106989681
0.0003124583952116064
0.0003143444001332725
0.0003161027325163363
0.0003177324094773827
0.0003192325581872617
0.0003206024157786839
0.0003218413291718618
0.0003229487548186683
0.0003239242583659909
0.0003247675142389781
0.000325478305144861
0.0003260565214981726
0.0003265021607681453
0.0003268153267493066
0.0003269962287560886
0.0003270451807425759
0.0003269626003484308
0.0003267490078720215
0.0003264050251719956
0.0003259313744985621
0.000325328877255589
0.000324598452694959
0.0003237411165445029
0.0003227579795708486
0.0003216502460786947
0.0003204192123480171
0.0003190662650105971
0.0003175928793675579
0.0003160006176495055
0.0003142911272208175
0.000312466138729825
0.0003105274642066361
0.0003084769951101562
0.0003063167003262854
0.0003040486241189764
0.0003016748840359921
0.0002991976687711553
0.0002966192359851278
0.0002939419100864048
0.0002911680799746243
0.0002883001967479909
0.000285340771376858
0.000282292372345369
0.0002791576232632679
0.0002759392004496406
0.0002726398304909042
0.0002692622877748049
0.0002658093920025622
0.0002622840056812195
0.0002586890315982152
0.0002550274102801202
0.0002513021174377829
0.0002475161613997603
0.000243672580536131
0.0002397744406747806
0.0002358248325120327
0.0002318268690199972
0.0002277836828521761
0.0002236984237497634
0.0002195742559503609
0.0002154143556014252
0.0002112219081798713
0.0002070001059205127
0.0002027521452545818
0.0001984812242607015
0.0001941905401301052
0.000189883286647972
0.0001855626516926963
0.0001812318147550132
0.0001768939444787068
0.0001725521962247943
0.0001682097096608432
0.0001638696063771885
0.0001595349875318182
0.0001552089315254803
0.0001508944917087167
0.0001465946941224212
0.0001423125352734862
0.0001380509799470848
0.0001338129590570318
0.0001296013675357519
0.0001254190622652307
0.0001212688600503534
0.0001171535356359481
0.0001130758197688377
0.0001090383973061964
0.000105043905371345
0.0001010949315582509
9.719401218576172e-05
9.33436306027336e-05
8.954621554504018e-05
8.580413954547021e-05
8.211971739746211e-05
7.849520467353459e-05
7.49327962993127e-05
7.143462518392861e-05
6.80027609074755e-05
6.463920846637033e-05
6.134590707712228e-05
5.812472903919573e-05
5.497747865751855e-05
5.190589122507312e-05
4.891163206613907e-05
4.599629564043132e-05
4.316140470866421e-05
4.040840955972366e-05
3.773868729970381e-05
3.515354120307903e-05
3.265420012613102e-05
3.024181798267795e-05
2.791747328226323e-05
2.568216873071746e-05
2.353683089310662e-05
2.14823099189184e-05
1.951937932941266e-05
1.764873586686463e-05
1.587099940553866e-05
1.418671292404416e-05
1.259634253877567e-05
1.110027759804866e-05
9.698830836501952e-06
8.392238589304702e-06
7.180661065634582e-06
6.064182680888959e-06
5.042812447009827e-06
4.116484420295138e-06
3.285058205983917e-06
2.548319518915701e-06
1.905980799465121e-06
1.35768188397892e-06
9.029907288314351e-07
5.41404187244047e-07
2.723488379310645e-07
9.518186462158285e-08
9.191985458913655e-09
1.360043126168366e-08
1.075619715769901e-07
2.901659874423429e-07
5.604375897302985e-07
9.173387819251371e-07
1.359769666149622e-06
1.886569691241738e-06
2.496518941631568e-06
3.188339465773917e-06
3.960696642840519e-06
4.812200586369748e-06
5.74140758354108e-06
6.746821568735104e-06
7.826895630004747e-06
8.980033547013205e-06
1.020459135915532e-05
1.149887896235792e-05
1.28611617330661e-05
1.428966217811235e-05
1.578256160889925e-05
1.733800183844363e-05
1.895408689980254e-05
2.06288847844241e-05
2.236042919884846e-05
2.414672133833815e-05
2.598573167585911e-05
2.787540176493815e-05
2.981364605487579e-05
3.179835371676572e-05
3.382739047886201e-05
3.589860046971697e-05
3.800980806761015e-05
4.015881975474202e-05
4.234342597472516e-05
4.456140299179688e-05
4.681051475034143e-05
4.908851473320209e-05
5.13931478172794e-05
5.372215212502438e-05
5.607326087029796e-05
5.844420419720257e-05
6.083271101046458e-05
6.323651079589658e-05
6.565333542963961e-05
6.808092097471977e-05
7.051700946360328e-05
7.295935066542362e-05
7.540570383649541e-05
7.785383945288993e-05
8.030154092375806e-05
8.274660628411761e-05
8.518684986594962e-05
8.762010394630991e-05
9.004422037132192e-05
9.245707215488745e-05
9.485655505101589e-05
9.724058909855428e-05
9.960712013743098e-05
0.0001019541212951983
0.0001042795944429327
0.0001065815716195343
0.0001088581164234075
0.0001111073253706513
0.0001133273292188473
0.0001155162942555863
0.0001176724235509227
0.0001197939581729696
0.0001218791783658473
0.0001239264046892947
0.0001259339991192521
0.0001279003661087425
0.000129823953608465
0.0001317032540464983
0.0001335368052665779
0.0001353231914244563
0.0001370610438418214
0.0001387490418173875
0.00014038591339476
0.0001419704360867032
0.0001435014375554517
0.0001449777962488455
0.0001463984419919882
0.0001477623565342262
0.0001490685740512944
0.0001503161816024651
0.0001515043195425755
0.0001526321818889957
0.0001536990166432828
0.0001547041260677652
0.0001556468669169306
0.0001565266506237958
0.0001573429434413326
0.0001580952665390782
0.0001587831960552123
0.0001594063631041782
0.0001599644537402291
0.0001604572088771302
0.0001608844241643307
0.0001612459498199849
0.0001615416904212348
0.0001617716046520823
0.0001619357050094213
0.0001620340574676043
0.0001620667811021351
0.00016203404767304
0.0001619360811683344
0.000161773157308424
0.0001615456030118809
0.0001612537958233323
0.0001608981633041243
0.0001604791823864794
0.000159997378691873
0.0001594533258143749
0.0001588476445697958
0.0001581810022113174
0.0001574541116126016
0.0001566677304190904
0.0001558226601684185
0.0001549197453808289
0.0001539598726205098
0.0001529439695287105
0.0001518730038297027
0.0001507479823104035
0.0001495699497747323
0.0001483399879737033
0.0001470592145121221
0.0001457287817330736
0.0001443498755811363
0.0001429237144453421
0.0001414515479830119
0.0001399346559254325
0.0001383743468665233
0.0001367719570355118
0.0001351288490547073
0.0001334464106834947
0.0001317260535496023
0.0001299692118687354
0.0001281773411536966
0.0001263519169140966
0.000124494433347723
0.0001226064020246913
0.0001206893505654812
0.0001187448213139574
0.0001167743700064466
0.0001147795644379891
0.0001127619831268662
0.0001107232139784561
0.0001086648529494679
0.0001065885027137501
0.0001044957713305919
0.0001023882709166454
0.0001002676163225185
9.813542381505822e-05
9.599330976634895e-05
9.384288935045218e-05
9.168577524887273e-05
8.95235763657776e-05
8.73578965538867e-05
8.51903333520466e-05
8.302247673541129e-05
8.085590787915971e-05
7.869219793669854e-05
7.653290683318362e-05
7.437958207526407e-05
7.223375757799363e-05
7.009695250958346e-05
6.797067015502131e-05
6.585639679914239e-05
6.375560063015859e-05
6.166973066419619e-05
5.960021569178024e-05
5.754846324680854e-05
5.551585859882706e-05
5.350376376925693e-05
5.151351657216374e-05
4.954642968028623e-05
4.760378971686378e-05
4.568685637385593e-05
4.379686155710621e-05
4.193500855899796e-05
4.010247125908473e-05
3.830039335315361e-05
3.652988761125183e-05
3.479203516497596e-05
3.308788482456837e-05
3.141845242607079e-05
2.978472020895066e-05
2.818763622451319e-05
2.662811377536414e-05
2.510703088622341e-05
2.362522980630791e-05
2.218351654350021e-05
2.078266043051484e-05
1.942339372316974e-05
1.81064112309499e-05
1.683236997993514e-05
1.560188890818023e-05
1.441554859361085e-05
1.327389101444155e-05
1.217741934212761e-05
1.112659776682409e-05
1.012185135530392e-05
9.163565941232092e-06
8.252088047737693e-06
7.387724842092345e-06
6.570744122409738e-06
5.801374336130017e-06
5.079804630107016e-06
4.406184932080477e-06
3.780626063265459e-06
3.203199881784493e-06
2.673939456652284e-06
2.192839271980324e-06
1.759855461069608e-06
1.374906070005222e-06
1.037871350393864e-06
7.485940808017635e-07
5.068799164891803e-07
3.12497766979572e-07
1.651802009919438e-07
6.462387825500068e-08
1.049000768675492e-08
2.404831418320135e-09
3.996013411472529e-08
1.227137770343113e-07
2.501902562492206e-07
4.218812844280801e-07
6.372463955751874e-07
8.957135721027535e-07
1.196679893594225e-06
1.539512206610223e-06
1.923547814869893e-06
2.348095189126351e-06
2.812434696053398e-06
3.315819345437088e-06
3.857475554961439e-06
4.436603931871129e-06
5.052380070770879e-06
5.703955366832387e-06
6.390457843653631e-06
7.110992995022455e-06
7.864644639812298e-06
8.650475789256108e-06
9.467529525808263e-06
1.031482989283876e-05
1.119138279435259e-05
1.209617690396555e-05
1.302818458235482e-05
1.398636280235559e-05
1.496965408097302e-05
1.597698741745526e-05
1.700727923667873e-05
1.805943433702189e-05
1.913234684197174e-05
2.022490115462903e-05
2.133597291436605e-05
2.246442995482908e-05
2.360913326249521e-05
2.476893793505789e-05
2.594269413878823e-05
2.712924806419212e-05
2.832744287913357e-05
2.953611967870622e-05
3.075411843111581e-05
3.198027891877899e-05
3.32134416739877e-05
3.445244890834348e-05
3.569614543529712e-05
3.694337958505653e-05
3.81930041112322e-05
3.944387708841738e-05
4.069486280019367e-05
4.194483261675156e-05
4.319266586159329e-05
4.443725066660961e-05
4.567748481493331e-05
4.691227657101392e-05
4.814054549720676e-05
4.93612232564234e-05
5.057325440017756e-05
5.177559714156033e-05
5.296722411253363e-05
5.414712310509117e-05
5.531429779574606e-05
5.646776845287361e-05
5.760657262643452e-05
5.872976581964188e-05
5.983642214212107e-05
6.092563494414265e-05
6.199651743156332e-05
6.304820326106017e-05
6.407984711528431e-05
6.509062525766172e-05
6.607973606641338e-05
6.704640054757531e-05
6.798986282668186e-05
6.890939061885459e-05
6.98042756770441e-05
7.067383421823483e-05
7.151740732730158e-05
7.233436133844944e-05
7.312408819395331e-05
7.38860057801308e-05
7.461955824034875e-05
7.532421626498587e-05
7.599947735824343e-05
7.664486608172606e-05
7.725993427473566e-05
7.784426125124551e-05
7.839745397352392e-05
7.891914720242345e-05
7.940900362433739e-05
7.986671395486796e-05
8.029199701926497e-05
8.068459980970456e-05
8.104429751951615e-05
8.137089355440961e-05
8.166421952093424e-05
8.192413519221835e-05
8.215052845120355e-05
8.23433152115146e-05
8.250243931626165e-05
8.262787241482617e-05
8.271961381800598e-05
8.277769033172695e-05
8.280215606951077e-05
8.27930922440663e-05
8.275060693830711e-05
8.267483485599052e-05
8.256593705242561e-05
8.242410064550564e-05
8.224953850747217e-05
8.20424889377375e-05
8.180321531712902e-05
8.153200574401628e-05
8.122917265264316e-05
8.089505241412938e-05
8.053000492053085e-05
8.013441315246514e-05
7.970868273062471e-05
7.925324145179659e-05
7.876853880971653e-05
7.825504550128487e-05
7.771325291869022e-05
7.714367262783345e-05
7.654683583361625e-05
7.59232928325728e-05
7.527361245342562e-05
7.45983814859993e-05
7.389820409909811e-05
7.317370124782546e-05
7.242551007092133e-05
7.165428327868225e-05
7.086068853195203e-05
7.004540781279019e-05
6.920913678737314e-05
6.835258416165671e-05
6.74764710303742e-05
6.658153021998259e-05
6.566850562602818e-05
6.473815154563558e-05
6.379123200549919e-05
6.282852008616571e-05
6.185079724299535e-05
6.085885262446598e-05
5.985348238834382e-05
5.88354890163271e-05
5.780568062768478e-05
5.676487029245002e-05
5.571387534476825e-05
5.465351669691433e-05
5.358461815453046e-05
5.250800573364065e-05
5.14245069799956e-05
5.033495029126434e-05
4.924016424258481e-05
4.81409769160484e-05
4.703821523458532e-05
4.593270430080439e-05
4.482526674125937e-05
4.371672205662987e-05
4.26078859783769e-05
4.149956983225623e-05
4.039257990921946e-05
3.928771684417673e-05
3.818577500301332e-05
3.708754187839578e-05
3.599379749470904e-05
3.490531382261447e-05
3.382285420363091e-05
3.274717278510997e-05
3.167901396604976e-05
3.061911185408258e-05
2.956818973404667e-05
2.852695954847751e-05
2.74961213903767e-05
2.647636300857236e-05
2.546835932603799e-05
2.44727719714501e-05
2.349024882427625e-05
2.252142357369691e-05
2.156691529164627e-05
2.062732802019525e-05
1.970325037354621e-05
1.879525515488815e-05
1.790389898828848e-05
1.702972196587819e-05
1.617324731049064e-05
1.533498105393695e-05
1.451541173110049e-05
1.371501008998029e-05
1.293422881786167e-05
1.21735022836516e-05
1.143324629662116e-05
1.071385788152555e-05
1.001571507025466e-05
9.339176710073696e-06
8.684582288486986e-06
8.052251774794883e-06
7.442485478349533e-06
6.855563923535052e-06
6.291747741470631e-06
5.751277578419265e-06
5.234374020882502e-06
4.741237537341493e-06
4.272048436577171e-06
3.826966842527633e-06
3.406132685580558e-06
3.009665710228188e-06
2.637665498965536e-06
2.290211512321314e-06
1.967363144899614e-06
1.66915979727263e-06
1.395620963590643e-06
1.146746334733295e-06
9.225159168284357e-07
7.228901649478983e-07
5.478101317869088e-07
3.971976311145043e-07
2.709554157684022e-07
1.68967369974534e-07
9.109871573982937e-08
3.719623307418546e-08
7.088493775924851e-09
5.861085140688602e-10
1.748198692568711e-08
5.755161044205078e-08
1.205533175447919e-07
2.062286011506554e-07
3.143024178065044e-07
4.444835083813541e-07
5.964647299182723e-07
7.699233983227878e-07
9.645216415330669e-07
1.179906762834085e-06
1.41571161395917e-06
1.671554977614151e-06
1.947041959063854e-06
2.241764386409637e-06
2.555301219180809e-06
2.88721896486119e-06
3.237072102965671e-06
3.604403516284467e-06
3.988744928895661e-06
4.389617350553016e-06
4.806531527064536e-06
5.23898839624245e-06
5.6864795490379e-06
6.148487695453584e-06
6.624487134820434e-06
7.1139442300519e-06
7.616317885442966e-06
8.131060027636898e-06
8.657616089323363e-06
9.195425495284051e-06
9.74392215035617e-06
1.030253492894349e-05
1.087068816562304e-05
1.144780214649881e-05
1.20332936008416e-05
1.262657619267239e-05
1.322706101186381e-05
1.383415706435989e-05
1.444727176114219e-05
1.506581140554882e-05
1.568918167855975e-05
1.631678812166236e-05
1.694803661694556e-05
1.758233386401492e-05
1.821908785341262e-05
1.885770833612328e-05
1.94976072888576e-05
2.013819937473285e-05
2.077890239903882e-05
2.141913775969847e-05
2.205833089215757e-05
2.269591170831938e-05
2.333131502923826e-05
2.396398101125369e-05
2.459335556525685e-05
2.521889076879708e-05
2.584004527072822e-05
2.64562846881241e-05
2.706708199518892e-05
2.767191790389594e-05
2.82702812360838e-05
2.88616692867819e-05
2.94455881785027e-05
3.002155320629756e-05
3.05890891733323e-05
3.114773071674519e-05
3.169702262365693e-05
3.223652013705738e-05
3.276578925142564e-05
3.328440699788652e-05
3.379196171876792e-05
3.428805333136501e-05
3.477229358076293e-05
3.524430628163757e-05
3.570372754880439e-05
3.61502060165073e-05
3.658340304625351e-05
3.700299292314418e-05
3.740866304057567e-05
3.780011407327884e-05
3.817706013857534e-05
3.85392289458248e-05
3.888636193400861e-05
3.9218214397391e-05
3.953455559926461e-05
3.983516887372574e-05
4.011985171547058e-05
4.038841585764528e-05
4.064068733772681e-05
4.087650655145684e-05
4.109572829486886e-05
4.129822179445265e-05
4.148387072546706e-05
4.165257321849442e-05
4.180424185429873e-05
4.193880364703025e-05
4.205620001590521e-05
4.215638674540672e-05
4.223933393414986e-05
4.230502593250125e-05
4.235346126906178e-05
4.238465256614636e-05
4.239862644440394e-05
4.239542341672404e-05
4.2375097771542e-05
4.233771744575776e-05
4.228336388738209e-05
4.221213190811098e-05
4.212412952600229e-05
4.201947779843994e-05
4.18983106455909e-05
4.176077466450048e-05
4.160702893413632e-05
4.143724481147296e-05
4.125160571893268e-05
4.105030692334911e-05
4.083355530670732e-05
4.060156912888473e-05
4.035457778262705e-05
4.009282154103622e-05
3.981655129777968e-05
3.952602830028371e-05
3.922152387619022e-05
3.890331915331974e-05
3.857170477340701e-05
3.822698059986778e-05
3.786945541990096e-05
3.749944664117843e-05
3.711727998337488e-05
3.672328916488191e-05
3.631781558492241e-05
3.590120800139171e-05
3.547382220469969e-05
3.503602068788795e-05
3.458817231332027e-05
3.413065197625615e-05
3.366384026556789e-05
3.318812312188497e-05
3.270389149351314e-05
3.221154099035275e-05
3.171147153613308e-05
3.120408701929719e-05
3.068979494273247e-05
3.016900607272669e-05
2.964213408739289e-05
2.910959522486426e-05
2.857180793152699e-05
2.802919251059282e-05
2.74821707712928e-05
2.693116567896577e-05
2.637660100629851e-05
2.581890098604871e-05
2.525848996545137e-05
2.469579206263395e-05
2.413123082527118e-05
2.356522889176166e-05
2.299820765517923e-05
2.243058693023593e-05
2.186278462354284e-05
2.129521640737345e-05
2.072829539722247e-05
2.016243183333641e-05
1.95980327665022e-05
1.903550174829111e-05
1.847523852599652e-05
1.791763874247372e-05
1.736309364110469e-05
1.681198977607885e-05
1.626470872820857e-05
1.572162682647568e-05
1.51831148754719e-05
1.464953788896557e-05
1.412125482972612e-05
1.359861835579779e-05
1.308197457340804e-05
1.257166279662873e-05
1.206801531397749e-05
1.157135716209597e-05
1.108200590663662e-05
1.060027143050363e-05
1.012645572956525e-05
9.660852715971315e-06
9.203748029162342e-06
8.75541885471023e-06
8.316133751066876e-06
7.886152484312249e-06
7.465725871009711e-06
7.055095629207187e-06
6.654494237708428e-06
6.264144803629396e-06
5.884260938316707e-06
5.51504664168973e-06
5.156696195021282e-06
4.809394062226834e-06
4.473314799653811e-06
4.148622974425892e-06
3.835473091334915e-06
3.534009528298426e-06
3.244366480372363e-06
2.96666791233339e-06
2.701027519796889e-06
2.447548698856246e-06
2.2063245242257e-06
1.977437735841321e-06
1.760960733888548e-06
1.55695558220232e-06
1.365474019996512e-06
1.186557481849189e-06
1.020237125895023e-06
8.665338701355726e-07
7.25458436803166e-07
5.970114046852833e-07
4.811832693233185e-07
3.779545109888756e-07
2.872956703353816e-07
2.091674316190086e-07
1.435207133746487e-07
9.029676643077073e-08
4.942727913789871e-08
2.083448968366834e-08
4.431305361061175e-09
1.21428651287434e-10
7.799489978824575e-09
2.735118699115781e-08
5.865343021220723e-08
1.015744949117902e-07
1.559741790335945e-07
2.217039670158796e-07
2.986071993374518e-07
3.865192476185474e-07
4.852676951017554e-07
5.946725223322101e-07
7.145462978610642e-07
8.44694373784496e-07
9.849150859288545e-07
1.134999958502003e-06
1.294733913003884e-06
1.463895481219354e-06
1.642257022081005e-06
1.82958494221553e-06
2.02563991996413e-06
2.230177132682453e-06
2.442946487117313e-06
2.663692852642544e-06
2.892156297168403e-06
3.128072325505731e-06
3.371172119975655e-06
3.621182783064752e-06
3.877827581914632e-06
4.140826194439815e-06
4.409894956853651e-06
4.684747112413527e-06
4.965093061159253e-06
5.250640610451962e-06
5.541095226093134e-06
5.836160283826346e-06
6.135537321010025e-06
6.438926288267377e-06
6.746025800903325e-06
7.056533389879453e-06
7.370145752159018e-06
7.686559000229483e-06
8.005468910578591e-06
8.32657117096521e-06
8.649561626262484e-06
8.974136522698922e-06
9.29999275031682e-06
9.626828083432416e-06
9.954341418958746e-06
1.028223301238131e-05
1.061020471120074e-05
1.093796018572328e-05
1.126520515696046e-05
1.159164762151935e-05
1.19169980732919e-05
1.224096972181391e-05
1.25632787071005e-05
1.288364431083539e-05
1.320178916375621e-05
1.351743944907989e-05
1.38303251018454e-05
1.414018000402954e-05
1.444674217529851e-05
1.474975395928715e-05
1.504896220524042e-05
1.534411844497031e-05
1.563497906491707e-05
1.592130547330164e-05
1.62028642621971e-05
1.647942736444626e-05
1.675077220533193e-05
1.701668184889477e-05
1.727694513881876e-05
1.753135683381789e-05
1.777971773742356e-05
1.802183482211502e-05
1.82575213477292e-05
1.84865969740789e-05
1.870888786773332e-05
1.892422680290151e-05
1.91324532563896e-05
1.933341349654655e-05
1.95269606662326e-05
1.971295485972053e-05
1.989126319351914e-05
2.006175987112173e-05
2.022432624163074e-05
2.037885085226999e-05
2.05252294947731e-05
2.066336524564728e-05
2.079316850030474e-05
2.091455700110543e-05
2.102745585927741e-05
2.113179757077782e-05
2.122752202608431e-05
2.131457651398132e-05
2.139291571932181e-05
2.146250171486722e-05
2.152330394719484e-05
2.157529921673751e-05
2.161847165203401e-05
2.165281267818701e-05
2.167832097964124e-05
2.169500245733481e-05
2.170287018026701e-05
2.170194433158439e-05
2.169225214924782e-05
2.167382786136253e-05
2.164671261626544e-05
2.161095440742855e-05
2.156660799331589e-05
2.151373481224152e-05
2.14524028923709e-05
2.138268675692215e-05
2.130466732471192e-05
2.121843180614967e-05
2.112407359474628e-05
2.102169215432837e-05
2.091139290199514e-05
2.079328708699648e-05
2.066749166564398e-05
2.053412917233772e-05
2.039332758688951e-05
2.024522019825944e-05
2.008994546479686e-05
1.992764687118507e-05
1.975847278217425e-05
1.958257629325548e-05
1.940011507841548e-05
1.921125123512833e-05
1.901615112669251e-05
1.881498522207934e-05
1.860792793344961e-05
1.839515745143417e-05
1.817685557838135e-05
1.795320755969544e-05
1.772440191339259e-05
1.749063025806073e-05
1.725208713934427e-05
1.700896985511064e-05
1.676147827945424e-05
1.650981468567529e-05
1.625418356839609e-05
1.59947914649417e-05
1.573184677616843e-05
1.546555958684753e-05
1.519614148577577e-05
1.492380538577492e-05
1.464876534367274e-05
1.437123638047782e-05
1.409143430183367e-05
1.38095755189386e-05
1.352587687004593e-05
1.324055544269396e-05
1.295382839681295e-05
1.26659127888249e-05
1.237702539691041e-05
1.208738254752183e-05
1.179719994332874e-05
1.150669249269445e-05
1.121607414081587e-05
1.092555770267016e-05
1.063535469786796e-05
1.034567518755017e-05
1.005672761344357e-05
9.768718639198375e-06
9.481852994106842e-06
9.196333319328073e-06
8.912360016724324e-06
8.630131100419002e-06
8.349842051169798e-06
8.071685673659413e-06
7.795851956820943e-06
7.522527937259288e-06
7.251897565888668e-06
6.984141577860156e-06
6.719437365863822e-06
6.457958856902778e-06
6.19987639259613e-06
5.945356613094331e-06
5.694562344693094e-06
5.447652491191301e-06
5.204781929070256e-06
4.966101406563041e-06
4.731757446650159e-06
4.501892254058774e-06
4.276643626306597e-06
4.056144868834395e-06
3.840524714277098e-06
3.629907245912368e-06
3.424411825318222e-06
3.224153024286351e-06
3.029240561000159e-06
2.83977924052159e-06
2.655868899599259e-06
2.477604355819912e-06
2.305075361115332e-06
2.138366559634623e-06
1.977557450004662e-06
1.82272235195237e-06
1.67393037732716e-06
1.531245405483667e-06
1.394726063047084e-06
1.264425708038811e-06
1.1403924183435e-06
1.022668984511855e-06
9.11292906875565e-07
8.062963969432353e-07
7.077063830654835e-07
6.15544520319389e-07
5.298272045981383e-07
4.50565590856585e-07
3.777656154769287e-07
3.1142802271202e-07
2.515483951605172e-07
1.98117188224471e-07
1.511197684960917e-07
1.105364560225457e-07
7.634257038800442e-08
4.850848055515334e-08
2.699965840126899e-08
1.177673588435472e-08
2.795565772538215e-09
7.285864165858801e-12
3.358386626744791e-09
1.279078218011325e-08
2.824188454515439e-08
4.964468107944485e-08
7.692781501806437e-08
1.100156690356724e-07
1.488284517430742e-07
1.932822870336768e-07
2.432893061880699e-07
2.987577426468578e-07
3.595920293572204e-07
4.256928986036615e-07
4.969574842225341e-07
5.732794261067711e-07
6.545489768992674e-07
7.406531107821085e-07
8.314756342521462e-07
9.268972987896447e-07
1.026795915313796e-06
1.131046470320694e-06
1.239521243603966e-06
1.352089927452154e-06
1.468619747213618e-06
1.588975583130456e-06
1.713020093329033e-06
1.840613837864133e-06
1.97161540371384e-06
2.105881530606327e-06
2.243267237590998e-06
2.383625950226116e-06
2.52680962829273e-06
2.672668893924894e-06
2.82105316004129e-06
2.971810758986374e-06
3.124789071268541e-06
3.279834654287282e-06
3.436793370952882e-06
3.59551051809789e-06
3.755830954561634e-06
3.917599228867638e-06
4.080659706376136e-06
4.244856695823981e-06
4.410034575148051e-06
4.576037916490495e-06
4.742711610304918e-06
4.90990098844901e-06
5.077451946186609e-06
5.245211062998314e-06
5.413025722115237e-06
5.580744228680603e-06
5.748215926463241e-06
5.91529131302361e-06
6.081822153257925e-06
6.24766159124149e-06
6.412664260280693e-06
6.576686391098182e-06
6.739585918086697e-06
6.901222583546906e-06
7.061458039832403e-06
7.220155949340604e-06
7.377182082291017e-06
7.532404412199802e-06
7.685693209008059e-06
7.836921129800191e-06
7.985963307045137e-06
8.13269743431008e-06
8.277003849393798e-06
8.418765614827856e-06
8.55786859568568e-06
8.694201534672375e-06
8.827656124441041e-06
8.958127077081379e-06
9.085512190767045e-06
9.209712413506201e-06
9.330631903967127e-06
9.448178089352796e-06
9.562261720274629e-06
9.672796922635114e-06
9.77970124645913e-06
9.882895711674202e-06
9.982304850817525e-06
1.007785674864893e-05
1.016948307866271e-05
1.025711913647885e-05
1.034070387011519e-05
1.042017990712808e-05
1.049549357862522e-05
1.056659494014181e-05
1.063343778938114e-05
1.069597968084788e-05
1.075418193733755e-05
1.08080096583352e-05
1.085743172530535e-05
1.090242080391062e-05
1.094295334315001e-05
1.097900957146052e-05
1.101057348978491e-05
1.103763286164629e-05
1.106017920024399e-05
1.10782077525923e-05
1.109171748075911e-05
1.110071104020907e-05
1.110519475529546e-05
1.110517859195154e-05
1.110067612759363e-05
1.109170451830603e-05
1.107828446332423e-05
1.106044016687993e-05
1.103819929744855e-05
1.101159294444729e-05
1.098065557242588e-05
1.094542497281895e-05
1.09059422133097e-05
1.086225158483864e-05
1.081440054634641e-05
1.076243966728757e-05
1.07064225679783e-05
1.064640585784822e-05
1.058244907164532e-05
1.051461460368108e-05
1.044296764013506e-05
1.036757608954891e-05
1.028851051151619e-05
1.020584404367877e-05
1.01196523270756e-05
1.003001342992386e-05
9.937007769899094e-06
9.840718034995613e-06
9.741229103014458e-06
9.638627959797761e-06
9.533003616222864e-06
9.424447024090226e-06
9.313050990932485e-06
9.198910093852553e-06
9.082120592445129e-06
8.962780340892557e-06
8.840988699294063e-06
8.716846444326845e-06
8.590455679289279e-06
8.461919743627487e-06
8.331343122001595e-06
8.198831352982354e-06
8.064490937437532e-06
7.928429246710444e-06
7.790754430630984e-06
7.651575325469193e-06
7.511001361873497e-06
7.36914247290277e-06
7.226109002189352e-06
7.082011612336546e-06
6.936961193605066e-06
6.79106877296585e-06
6.644445423597169e-06
6.49720217487951e-06
6.349449922977914e-06
6.201299342063842e-06
6.052860796254092e-06
5.904244252332618e-06
5.75555919331282e-06
5.606914532917054e-06
5.458418531029467e-06
5.310178710183038e-06
5.162301773148902e-06
5.014893521678286e-06
4.868058776470411e-06
4.7219012984042e-06
4.576523711102495e-06
4.432027424886907e-06
4.288512562164117e-06
4.146077884297577e-06
4.004820720028358e-06
3.864836895474256e-06
3.726220665767507e-06
3.589064648370525e-06
3.453459758115868e-06
3.31949514400972e-06
3.187258127846327e-06
3.0568341446554e-06
2.928306685045619e-06
2.801757239452396e-06
2.677265244341537e-06
2.554908030393515e-06
2.434760772695555e-06
2.316896442980582e-06
2.201385763924433e-06
2.088297165535971e-06
1.977696743661968e-06
1.869648220622004e-06
1.764212907997971e-06
1.6614496715917e-06
1.561414898570197e-06
1.464162466802921e-06
1.36974371641399e-06
1.278207423551557e-06
1.189599776384803e-06
1.103964353331383e-06
1.021342103524309e-06
9.417713295190081e-07
8.652876722349112e-07
7.919240981420167e-07
7.217108886769579e-07
6.546756318942602e-07
5.908432163382435e-07
5.302358271291498e-07
4.728729442566623e-07
4.187713430655992e-07
3.679450969216697e-07
3.204055820386306e-07
2.761614844563138e-07
2.352188091438929e-07
1.975808912147654e-07
1.632484092266177e-07
1.322194005434451e-07
1.044892787394906e-07
8.005085301241571e-08
5.889434958202544e-08
4.100743504510293e-08
2.637524165348301e-08
1.498039448529629e-08
6.80304047577987e-09
1.820879272220929e-09
9.1958783305006e-12
1.340895049576857e-09
5.786537402435392e-09
1.331437719718701e-08
2.389040175424554e-08
3.747837246214348e-08
5.403986733426965e-08
7.353432507154357e-08
9.59190905851442e-08
1.21149461934541e-07
1.491787386353335e-07
1.799582712866084e-07
2.13437512474212e-07
2.495640688971391e-07
2.882837546698554e-07
3.29540645749512e-07
3.732771354393748e-07
4.194339909138648e-07
4.679504107153625e-07
5.187640831711665e-07
5.718112456760424e-07
6.270267447906855e-07
6.843440970962922e-07
7.436955507595659e-07
8.050121477496566e-07
8.682237866511888e-07
9.332592860252752e-07
1.000046448255133e-06
1.068512123833969e-06
1.138582276026218e-06
1.210182045861326e-06
1.283235817395941e-06
1.357667283196197e-06
1.433399509979924e-06
1.510355004373772e-06
1.588455778721096e-06
1.667623416896086e-06
1.747779140064133e-06
1.828843872342741e-06
1.910738306301108e-06
1.993382968258235e-06
2.076698283318231e-06
2.160604640094941e-06
2.245022455081511e-06
2.329872236602249e-06
2.415074648309791e-06
2.500550572177968e-06
2.586221170929635e-06
2.672007949871666e-06
2.757832818076043e-06
2.84361814886784e-06
2.929286839574421e-06
3.014762370494888e-06
3.099968863038081e-06
3.18483113699787e-06
3.269274766921701e-06
3.353226137526214e-06
3.436612498127435e-06
3.519362016045435e-06
3.601403828950613e-06
3.682668096105787e-06
3.763086048480759e-06
3.842590037695475e-06
3.921113583771012e-06
3.998591421646056e-06
4.074959546432988e-06
4.150155257385645e-06
4.224117200553348e-06
4.29678541008781e-06
4.368101348180424e-06
4.438007943614256e-06
4.506449628893035e-06
4.573372375935564e-06
4.638723730318581e-06
4.702452844039147e-06
4.764510506778625e-06
4.824849175674593e-06
4.883423003547652e-06
4.940187865605105e-06
4.995101384589713e-06
5.048122954364385e-06
5.099213761935144e-06
5.148336807882794e-06
5.195456925217238e-06
5.240540796639397e-06
5.283556970207162e-06
5.324475873397904e-06
5.363269825576396e-06
5.399913048854416e-06
5.434381677361821e-06
5.466653764907543e-06
5.496709291051434e-06
5.524530165587537e-06
5.550100231441925e-06
5.573405265993004e-06
5.594432980822479e-06
5.613173019914919e-06
5.629616956300518e-06
5.643758287166113e-06
5.655592427446393e-06
5.665116701901419e-06
5.672330335705663e-06
5.677234443560064e-06
5.679832017346867e-06
5.680127912339447e-06
5.678128831998692e-06
5.673843311368053e-06
5.66728169908948e-06
5.658456138072564e-06
5.647380544817389e-06
5.634070587450507e-06
5.618543662464643e-06
5.600818870217308e-06
5.580916989195385e-06
5.558860449077826e-06
5.534673302641132e-06
5.508381196513734e-06
5.480011340826514e-06
5.449592477784903e-06
5.417154849193204e-06
5.382730162965525e-06
5.346351558659957e-06
5.308053572056981e-06
5.267872098834359e-06
5.225844357360993e-06
5.182008850646435e-06
5.136405327484651e-06
5.089074742830727e-06
5.040059217439098e-06
4.9894019968056e-06
4.937147409451004e-06
4.883340824584712e-06
4.828028609178085e-06
4.771258084498387e-06
4.713077482134535e-06
4.653535899545489e-06
4.592683255192234e-06
4.530570243264108e-06
4.4672482880605e-06
4.402769498061316e-06
4.337186619712072e-06
4.270552990984059e-06
4.202922494726419e-06
4.13434951187637e-06
4.064888874531272e-06
3.994595818950525e-06
3.923525938517129e-06
3.851735136683354e-06
3.77927957996365e-06
3.706215650985347e-06
3.632599901664448e-06
3.558489006508918e-06
3.483939716119383e-06
3.409008810903025e-06
3.333753055039772e-06
3.25822915074608e-06
3.182493692857111e-06
3.106603123775761e-06
3.030613688812913e-06
2.954581391957644e-06
2.878561952103229e-06
2.802610759780666e-06
2.726782834398618e-06
2.651132782059771e-06
2.575714753951633e-06
2.500582405359969e-06
2.425788855332872e-06
2.351386647011753e-06
2.277427708676364e-06
2.203963315511289e-06
2.131044052137738e-06
2.058719775924157e-06
1.987039581102983e-06
1.916051763723897e-06
1.845803787461445e-06
1.776342250295492e-06
1.707712852096135e-06
1.63996036312894e-06
1.573128593491975e-06
1.507260363522676e-06
1.442397475176022e-06
1.378580684392612e-06
1.315849674486703e-06
1.254243030551711e-06
1.193798214909516e-06
1.134551543613689e-06
1.076538164016032e-06
1.019792033417386e-06
9.643458987980502e-07
9.102312776552926e-07
8.574784399423855e-07
8.061163911265334e-07
7.561728563665976e-07
7.076742658189504e-07
6.606457410787217e-07
6.151110827559415e-07
5.710927591930435e-07
5.286118963250711e-07
4.876882686840795e-07
4.483402915474287e-07
4.105850142294535e-07
3.744381145171795e-07
3.399138942428129e-07
3.070252759962171e-07
2.757838009669976e-07
2.461996279157508e-07
2.182815332648163e-07
1.920369123056642e-07
1.674717815110034e-07
1.445907819460306e-07
1.233971837693247e-07
1.038928918103815e-07
8.607845221679478e-08
6.995306015593013e-08
5.551456856095002e-08
4.275949790592583e-08
3.168304699695444e-08
2.227910476488648e-08
1.454026304264602e-08
8.457830312193586e-09
4.021846403856511e-09
1.221098130211399e-09
4.31358363004232e-11
4.742908475540023e-10
2.499693795722726e-09
6.103293802761932e-09
1.126787850228264e-08
1.797509487684123e-08
2.620547088980285e-08
3.593843788946572e-08
4.715235376258788e-08
5.982452681413589e-08
7.393124034964813e-08
8.944777793624586e-08
1.063484493176809e-07
1.246066169588454e-07
1.4419472319369e-07
1.65084317952564e-07
1.872460870417462e-07
2.10649880948855e-07
2.352647441502053e-07
2.610589448891641e-07
2.880000054032318e-07
3.160547325692017e-07
3.451892489417817e-07
3.753690241563159e-07
4.065589066681517e-07
4.387231558040127e-07
4.718254740925028e-07
5.058290398512762e-07
5.406965399994416e-07
5.763902030678431e-07
6.128718323820316e-07
6.501028393870106e-07
6.880442770858312e-07
7.266568735693176e-07
7.659010656027202e-07
8.057370322455161e-07
8.461247284768557e-07
8.870239188009909e-07
9.283942107991631e-07
9.701950886094256e-07
1.012385946304759e-06
1.054926121139399e-06
1.097774926644583e-06
1.14089168553977e-06
1.184235762442582e-06
1.227766596345115e-06
1.271443732832034e-06
1.315226856026772e-06
1.359075820223973e-06
1.402950681202299e-06
1.446811727177902e-06
1.490619509392243e-06
1.534334872296668e-06
1.57791898332304e-06
1.621333362211468e-06
1.664539909882529e-06
1.707500936818199e-06
1.750179190952657e-06
1.792537885034757e-06
1.834540723454606e-06
1.876151928509028e-06
1.917336266093463e-06
1.958059070801969e-06
1.998286270411839e-06
2.037984409748545e-06
2.077120673904306e-06
2.115662910806581e-06
2.153579653108034e-06
2.19084013939988e-06
2.227414334724304e-06
2.263272950376686e-06
2.298387462990499e-06
2.332730132885874e-06
2.366274021678873e-06
2.39899300913812e-06
2.430861809275735e-06
2.461855985678243e-06
2.491951966047845e-06
2.521127055970974e-06
2.549359451886839e-06
2.576628253263935e-06
2.602913473976601e-06
2.628196052871e-06
2.652457863525065e-06
2.675681723195975e-06
2.697851400950104e-06
2.718951624980929e-06
2.738968089104833e-06
2.757887458440383e-06
2.775697374275802e-06
2.792386458110307e-06
2.807944314888907e-06
2.8223615354203e-06
2.835629697988861e-06
2.847741369156297e-06
2.858690103766561e-06
2.868470444149689e-06
2.877077918536417e-06
2.884509038687934e-06
2.890761296745872e-06
2.895833161312563e-06
2.899724072763767e-06
2.902434437809818e-06
2.903965623311038e-06
2.904319949353521e-06
2.903500681599274e-06
2.901512022919684e-06
2.898359104326628e-06
2.894047975206451e-06
2.888585592873707e-06
2.881979811457317e-06
2.874239370126464e-06
2.865373880679952e-06
2.855393814502328e-06
2.844310488908915e-06
2.832136052888957e-06
2.818883472262824e-06
2.804566514273375e-06
2.789199731626904e-06
2.772798445986489e-06
2.755378730955895e-06
2.736957394554206e-06
2.717551961208186e-06
2.697180653269694e-06
2.675862372087323e-06
2.653616678642569e-06
2.630463773769662e-06
2.606424477986784e-06
2.581520210932289e-06
2.555772970463265e-06
2.529205311397444e-06
2.501840323942131e-06
2.473701611822766e-06
2.444813270121193e-06
2.415199862861805e-06
2.384886400348827e-06
2.35389831627879e-06
2.322261444658526e-06
2.290001996528486e-06
2.257146536532274e-06
2.223721959334583e-06
2.189755465921353e-06
2.155274539793907e-06
2.120306923077936e-06
2.084880592568028e-06
2.04902373573112e-06
2.012764726678759e-06
1.976132102140616e-06
1.939154537447992e-06
1.901860822549644e-06
1.864279838082468e-06
1.826440531513099e-06
1.788371893369076e-06
1.750102933577376e-06
1.711662657934142e-06
1.673080044713897e-06
1.63438402144567e-06
1.595603441874399e-06
1.556767063110417e-06
1.517903523004333e-06
1.479041317747251e-06
1.440208779729599e-06
1.40143405565436e-06
1.362745084943093e-06
1.32416957842866e-06
1.285734997372484e-06
1.247468532797361e-06
1.209397085175415e-06
1.171547244459314e-06
1.133945270498255e-06
1.096617073827433e-06
1.059588196862272e-06
1.022883795497714e-06
9.865286211324698e-07
9.505470031294051e-07
9.149628317193861e-07
8.797995413644262e-07
8.450800945862501e-07
8.108269662760902e-07
7.770621284897796e-07
7.438070357412195e-07
7.110826108012997e-07
6.78909231012593e-07
6.47306715124447e-07
6.162943106590322e-07
5.858906818137858e-07
5.561138979074975e-07
5.269814223762189e-07
4.985101023228209e-07
4.707161586269069e-07
4.436151766206798e-07
4.172220973315044e-07
3.915512092978894e-07
3.666161409611485e-07
3.424298536340908e-07
3.190046350511547e-07
2.963520935006737e-07
2.744831525381814e-07
2.534080462872049e-07
2.331363153201327e-07
2.136768031276846e-07
1.950376531676863e-07
1.772263064987618e-07
1.60249499992599e-07
1.441132651265517e-07
1.288229273505384e-07
1.14383106029317e-07
1.007977149514801e-07
8.806996340638661e-08
7.620235782214946e-08
6.519670395980266e-08
5.505410965955651e-08
4.577498813336491e-08
3.73590617972491e-08
2.980536663784885e-08
2.31122571056418e-08
1.727741152835216e-08
1.229783803699295e-08
8.169880996011502e-09
4.889227930238729e-09
2.450916939454617e-09
8.493445915882525e-10
7.827428592128716e-11
1.308450759972299e-10
9.99580942825133e-10
2.676400507919956e-09
5.152627175918918e-09
8.418999695697871e-09
1.246568312944296e-08
1.72822802176709e-08
2.285784312942132e-08
2.918088558524565e-08
3.623939534091196e-08
4.402084702053882e-08
5.251221528523558e-08
6.169998832611867e-08
7.157018166714579e-08
8.210835226708455e-08
9.329961290429835e-08
1.051286468353641e-07
1.175797227090929e-07
1.306367097258948e-07
1.442830930278453e-07
1.585019893059834e-07
1.73276162609015e-07
1.88588040342231e-07
2.04419729441636e-07
2.207530327068178e-07
2.375694652832318e-07
2.548502712748827e-07
2.725764404760859e-07
2.907287252071427e-07
3.092876572415324e-07
3.28233564805266e-07
3.475465896409928e-07
3.672067041189078e-07
3.871937283790002e-07
4.074873474960138e-07
4.28067128646528e-07
4.489125382699457e-07
4.700029592051311e-07
4.91317707793342e-07
5.128360509296357e-07
5.345372230534188e-07
5.564004430592122e-07
5.784049311224896e-07
6.005299254190535e-07
6.227546987320298e-07
6.450585749287666e-07
6.6742094529808e-07
6.898212847344683e-07
7.12239167758652e-07
7.346542843577873e-07
7.570464556413743e-07
7.793956492936462e-07
8.016819948162686e-07
8.238857985490304e-07
8.459875584568148e-07
8.679679786712991e-07
8.898079837822861e-07
9.114887328632902e-07
9.329916332218146e-07
9.542983538707376e-07
9.753908387033808e-07
9.96251319371018e-07
1.01686232784688e-06
1.03720670867754e-06
1.05726763090326e-06
1.077028599649914e-06
1.096473467373706e-06
1.115586444765685e-06
1.13435211129548e-06
1.152755425399602e-06
1.17078173429608e-06
1.188416783435562e-06
1.205646725564093e-06
1.222458129413891e-06
