100
0.025
0.001256637056443271
0.001255655577165494
0.001252714282332443
0.001247823277642981
0.001240999360110001
0.001232265948923767
0.001221652989081284
0.001209196828224356
0.001194940067243721
0.001178931385320501
0.001161225340193205
0.001141882144549193
0.001120967419545814
0.00109855192656459
0.001074711278406868
0.001049525631222333
0.001023079358547804
0.0009954607089155275
0.0009667614485558107
0.0009370764907870965
0.0009065035137392997
0.0008751425681088092
0.0008430956766794309
0.0008104664273784279
0.0007773595616600463
0.0007438805600252644
0.0007101352264910414
0.0006762292738238601
0.0006422679113401397
0.0006083554370582745
0.0005745948359617444
0.0005410873860957734
0.0005079322741794903
0.0004752262223635049
0.0004430631277067352
0.0004115337158793978
0.0003807252105299765
0.0003507210196733114
0.0003216004403749254
0.0002934383829163204
0.0002663051155307675
0.0002402660307005761
0.0002153814339028787
0.0001917063555837844
0.0001692903870305008
0.0001481775406980494
0.000128406135432757
0.0001100087069181061
9.301194355165182e-05
7.743664784350369e-05
6.329772331085496e-05
5.060418672566766e-05
3.935920545820623e-05
2.956015954575845e-05
2.119872800515426e-05
1.426099880062033e-05
8.72760177363758e-06
4.573863741876805e-06
1.769984877929336e-06
2.812353883080057e-07
6.817142687495629e-08
1.086869097275359e-06
3.289175324741911e-06
6.622974309960561e-06
1.103246821657679e-05
1.645847068964869e-05
2.283871175509867e-05
3.010815261027156e-05
3.819930878312072e-05
4.704258011244971e-05
5.656658598378521e-05
6.66985042460896e-05
7.736441223122234e-05
8.848962830406133e-05
9.999905238294598e-05
0.0001118175038903804
0.0001238700556206515
0.0001360823620454217
0.000148380980618393
0.0001606936846876319
0.0001729497666778193
0.0001850803302634306
0.0001970185703189355
0.0002087000395019588
0.0002200629004003764
0.0002310481622533259
0.0002415999013385564
0.0002516654642073599
0.0002611956530345344
0.000270144892446575
0.0002784713772837482
0.0002861372008480115
0.0002931084632860968
0.0002993553598557884
0.0003048522489194623
0.0003095776996087873
0.0003135145192004352
0.0003166497603381429
0.0003189747083313334
0.0003204848488520893
0.0003211798164408601
0.0003210633243190162
0.0003201430760887388
0.0003184306599792771
0.000315941426375478
0.0003126943494335129
0.0003087118736560162
0.0003040197463597394
0.000298646837023736
0.0002926249445582153
0.0002859885935778843
0.0002787748208028263
0.0002710229527433046
0.0002627743758523571
0.000254072300349529
0.0002449615189364855
0.000235488161631874
0.0002256994479566397
0.0002156434376983198
0.0002053687814723587
0.0001949244722844139
0.0001843595992764089
0.000173723104813578
0.0001630635460373047
0.0001524288619723057
0.0001418661472356168
0.0001314214333481537
0.0001211394785994662
0.0001110635673621676
0.0001012353196937261
9.16945120026875e-05
8.247890949142457e-05
7.362411102037406e-05
6.51634069694146e-05
5.712765060061826e-05
4.954514335358531e-05
4.244153443060788e-05
3.583973495410921e-05
2.975984690322603e-05
2.421910696142729e-05
1.923184533168035e-05
1.480945950218389e-05
1.096040287160952e-05
7.690188071565733e-06
5.001404754098124e-06
2.893751543754658e-06
1.364081788606416e-06
4.064626816084225e-07
1.224726391481944e-08
1.701587651843584e-07
8.663866827261826e-07
2.084693951938056e-06
3.806534514908212e-06
6.011180552568689e-06
8.67585860842304e-06
1.177589379914843e-05
1.528486127855057e-05
1.917474409777058e-05
2.341609658495007e-05
2.797821235294222e-05
3.282929603379093e-05
3.793663783254151e-05
4.326678999310667e-05
4.878574427131976e-05
5.445910951955844e-05
6.025228849869459e-05
6.613065305082948e-05
7.205971678590402e-05
7.800530446096756e-05
8.393371725859321e-05
8.981189320314633e-05
9.56075619888523e-05
0.0001012893935321046
0.0001068271396016429
0.0001121917679240777
0.0001173555882088981
0.0001222923695849554
0.0001269774489911725
0.0001313878301158547
0.00013550227253168
0.0001393013707284766
0.0001427676227995138
0.00014588548859318
0.0001486414371968064
0.0001510239836746639
0.000153023715037327
0.0001546333054728101
0.0001558475209245011
0.0001566632131514017
0.0001570793034577174
0.0001570967563273132
0.0001567185432459009
0.0001559495970378987
0.0001547967570885464
0.0001532687058611488
0.0001513758971572377
0.0001491304766017556
0.0001465461948678018
0.0001436383141830553
0.0001404235086868058
0.000136919759228047
0.0001331462432145185
0.0001291232201379217
0.00012487191341346
0.000120414389180639
0.0001157734327171096
0.0001109724231211579
0.0001060352069156392
0.0001009859712232206
9.584911715442513e-05
9.064913403956628e-05
8.541047512246628e-05
8.015743531643101e-05
7.491403160454463e-05
6.970388664385375e-05
6.455011610880584e-05
5.94752202824883e-05
5.450098037533584e-05
4.964836002019636e-05
4.493741235975033e-05
4.038719310811375e-05
3.601567993292549e-05
3.183969846693581e-05
2.787485522068402e-05
2.413547762876032e-05
2.063456142300077e-05
1.738372548642164e-05
1.439317430157908e-05
1.167166806741799e-05
9.226500518937727e-06
7.063484444844797e-06
5.186944859783798e-06
3.599719749995902e-06
2.303168274200994e-06
1.297186266273922e-06
5.802288513504079e-07
1.493399546031157e-07
1.884502799016226e-10
1.271106691985995e-07
5.231589551256625e-07
1.180155934743449e-06
2.088754142241985e-06
3.238500618096759e-06
4.617906082274105e-06
6.214518265214467e-06
8.014998965215531e-06
1.000520438883764e-05
1.217026832076716e-05
1.449468766257957e-05
1.696240987477321e-05
1.955692185362534e-05
2.226133977476673e-05
2.505849943712318e-05
2.79310466459133e-05
3.086152717946001e-05
3.38324758943443e-05
3.682650453385624e-05
3.982638781816756e-05
4.28151474096156e-05
4.577613336296247e-05
4.869310268982682e-05
5.155029468571974e-05
5.433250269031614e-05
5.702514197418742e-05
5.96143134697889e-05
6.20868630889899e-05
6.443043639620608e-05
6.663352843240756e-05
6.868552851360309e-05
7.057675985431929e-05
7.229851389589598e-05
7.384307924688282e-05
7.520376517231141e-05
7.637491959622428e-05
7.735194161021722e-05
7.813128850876083e-05
7.871047739882735e-05
7.908808145828123e-05
7.926372094275164e-05
7.923804906668666e-05
7.901273290655918e-05
7.859042949863062e-05
7.79747573238736e-05
7.71702633938979e-05
7.618238617002316e-05
7.501741456517049e-05
7.36824432945557e-05
7.218532485488545e-05
7.053461842477531e-05
6.873953599039556e-05
6.680988600892336e-05
6.475601493105772e-05
6.258874690873712e-05
6.031932201905929e-05
5.795933333750698e-05
5.552066319447064e-05
5.301541894795215e-05
5.045586860275077e-05
4.78543766022397e-05
4.522334011308131e-05
4.257512611556861e-05
3.99220096039072e-05
3.727611319015867e-05
3.464934839433356e-05
3.205335889013701e-05
2.949946596207641e-05
2.699861641451999e-05
2.456133315745929e-05
2.219766867661788e-05
1.991716157812823e-05
1.772879637941855e-05
1.564096669927881e-05
1.366144198030358e-05
1.179733785746383e-05
1.005509026620605e-05
8.440433363516293e-06
6.958381314771766e-06
5.61321397930188e-06
4.408466507148297e-06
3.346922839915557e-06
2.43061308886395e-06
1.660814744423364e-06
1.038057652756332e-06
5.621326768455809e-07
2.321039426084169e-07
4.632455363699892e-08
2.45564289846699e-09
9.748861459774284e-08
3.277704158115846e-07
6.890316646201587e-07
1.176417449727691e-06
1.784520605996957e-06
2.507417260761606e-06
3.338704437580989e-06
4.271539496926603e-06
5.298681187429384e-06
6.412532076702528e-06
7.605182127251059e-06
8.868453180893482e-06
1.019394411406945e-05
1.157307642673837e-05
1.299714002889143e-05
1.445733899142377e-05
1.594483703178661e-05
1.74508025096976e-05
1.896645271401527e-05
2.048309722889392e-05
2.199218017511772e-05
2.34853211312653e-05
2.495435454907453e-05
2.639136748767541e-05
2.778873550256632e-05
2.913915653694052e-05
3.04356826753832e-05
3.167174963276619e-05
3.28412038646682e-05
3.393832719912073e-05
3.495785890364161e-05
3.589501511573506e-05
3.674550557924483e-05
3.750554764347493e-05
3.817187749647203e-05
3.87417586181905e-05
3.921298745323861e-05
3.958389631725693e-05
3.985335356444658e-05
4.002076105715719e-05
4.008604899137183e-05
4.004966814453316e-05
3.991257962394436e-05
3.967624220539257e-05
3.934259736251494e-05
3.891405209731573e-05
3.839345969182045e-05
3.778409850928304e-05
3.708964898133914e-05
3.631416892451868e-05
3.546206733578646e-05
3.453807682193111e-05
3.354722482245428e-05
3.249480378899898e-05
3.138634048725844e-05
3.022756458911733e-05
2.90243767236396e-05
2.778281615618437e-05
2.650902826348091e-05
2.520923197160197e-05
2.388968732100161e-05
2.255666331991742e-05
2.121640624330851e-05
1.987510852998373e-05
1.853887842521023e-05
1.721371051013516e-05
1.590545725262397e-05
1.46198017070443e-05
1.33622314827844e-05
1.213801409300441e-05
1.095217378656126e-05
9.809469957020338e-06
8.714377213200044e-06
7.671067186223488e-06
6.683392137966021e-06
5.754870425931105e-06
4.888673869303266e-06
4.087617050656897e-06
3.354148577674441e-06
2.690344318854986e-06
2.097902617100629e-06
1.578141475121424e-06
1.131997696687831e-06
7.600279582156085e-07
4.624117758163601e-07
2.389563240175647e-07
8.910305361834041e-08
1.19360479418078e-08
6.192048967846869e-09
7.027207740499333e-08
2.022545639661736e-07
3.999099027234334e-07
6.607163316673478e-07
9.818770403310971e-07
1.36033839975157e-06
1.792809205924255e-06
2.275780824524008e-06
2.805548121843059e-06
3.37823106465955e-06
3.989796870186815e-06
4.636082586407363e-06
5.312817982504828e-06
6.015648629758711e-06
6.74015905369672e-06
7.481895840155031e-06
8.236390579703573e-06
8.999182537458249e-06
9.765840938554757e-06
1.053198676305406e-05
1.129331394810462e-05
1.204560989990171e-05
1.278477522271591e-05
1.350684257779225e-05
1.420799459059121e-05
1.48845807307336e-05
1.55331330956006e-05
1.615038103480467e-05
1.673326455981971e-05
1.727894648978423e-05
1.778482329170953e-05
1.824853458061543e-05
1.866797125208512e-05
1.904128222741983e-05
1.936687979850846e-05
1.964344356702115e-05
1.986992297949024e-05
2.004553846703448e-05
2.016978120521032e-05
2.024241151643604e-05
2.026345594349799e-05
2.023320302935629e-05
2.015219784412087e-05
2.002123530588768e-05
1.984135234734959e-05
1.961381898531287e-05
1.93401283547157e-05
1.902198577303565e-05
1.866129690490606e-05
1.826015510028072e-05
1.782082798220068e-05
1.734574336333935e-05
1.683747457222331e-05
1.62987252718715e-05
1.573231385512107e-05
1.514115750145221e-05
1.452825598062467e-05
1.389667528843194e-05
1.324953119960001e-05
1.258997282147851e-05
1.192116623143484e-05
1.124627827894639e-05
1.056846063117273e-05
9.890834138616625e-06
9.21647359463398e-06
8.548392959283071e-06
7.889531114837357e-06
7.242738216404635e-06
6.610762697186516e-06
5.996238983797334e-06
5.401675972450699e-06
4.829446312461587e-06
4.281776538511172e-06
3.760738088399418e-06
3.268239237892223e-06
2.806017979244757e-06
2.375635864743001e-06
1.978472831537232e-06
1.61572301875252e-06
1.288391582811521e-06
9.97292511668108e-07
7.430474337564289e-07
5.260854124032581e-07
3.466437117004989e-07
2.047695151636935e-07
1.003225739698589e-07
3.297875725061071e-08
2.234472849908566e-09
7.411922982274496e-09
4.76651556392984e-08
1.219868691552972e-07
2.292159242156778e-07
3.680455147358545e-07
5.370319464563018e-07
7.346039698419476e-07
9.590726118872434e-07
1.208641449769569e-06
1.481417267964857e-06
1.775421039350478e-06
2.088599170165405e-06
2.41883494826206e-06
2.76396013393937e-06
3.121766632928743e-06
3.490018191638744e-06
3.866462055412741e-06
4.248840531815807e-06
4.634902402271186e-06
5.022414126946649e-06
5.409170789717118e-06
5.793006732213281e-06
6.171805828101186e-06
6.543511351602995e-06
6.906135396694243e-06
7.257767806558393e-06
7.596584575926705e-06
7.92085569193889e-06
8.228952382915861e-06
8.519353747459095e-06
8.790652740096368e-06
9.041561493246491e-06
9.270915958716681e-06
9.477679856048664e-06
9.660947918227093e-06
9.819948429267345e-06
9.954045051794469e-06
1.006273794611398e-05
1.014566418609505e-05
1.020259748054988e-05
1.02334472119925e-05
1.023825680815945e-05
1.021720146454066e-05
1.017058523947563e-05
1.009883754581841e-05
1.000250906610125e-05
9.882267120601203e-06
9.738890519845904e-06
9.573263935409266e-06
9.386371824562542e-06
9.17929194622304e-06
8.953188507031625e-06
8.709304977561445e-06
8.44895661997976e-06
8.173522769023739e-06
7.884438908872244e-06
7.583188588889956e-06
7.271295221347236e-06
6.950313804147569e-06
6.621822611284516e-06
6.287414893371573e-06
5.948690629717154e-06
5.607248372689855e-06
5.264677223948584e-06
4.922548980827669e-06
4.582410489802886e-06
4.245776242265988e-06
3.9141212461511e-06
3.588874205037423e-06
3.271411034292013e-06
2.963048741739621e-06
2.665039697985397e-06
2.378566319295293e-06
2.104736183438746e-06
1.844577596416575e-06
1.599035625475688e-06
1.368968611239897e-06
1.155145169140084e-06
9.582416877748773e-07
7.788403291402666e-07
6.174275331366343e-07
4.743930261640345e-07
3.50029331062231e-07
2.445317732280603e-07
1.579989752650944e-07
9.043383023617924e-08
4.174494128444211e-08
1.174851329048694e-08
1.706801131424017e-10
6.650249087377333e-09
3.074184258118491e-08
7.191941476749879e-08
1.295801201856895e-07
2.030485092812475e-07
2.91581024817172e-07
3.943707719815757e-07
5.105525340093768e-07
6.392080043549115e-07
7.793712058199186e-07
9.300340665196554e-07
1.090152122285181e-06
1.25865031487056e-06
1.434428855390498e-06
1.616369122508845e-06
1.803339565176976e-06
1.994201580215984e-06
2.187815335553802e-06
2.383045510710293e-06
2.578766926903588e-06
2.773870040194163e-06
2.967266272140189e-06
3.157893153651173e-06
3.344719259041602e-06
3.526748908703603e-06
3.703026620276799e-06
3.872641289814217e-06
4.034730086032086e-06
4.188482042463415e-06
4.333141334092517e-06
4.468010226801184e-06
4.59245168984645e-06
4.705891663311688e-06
4.807820974511216e-06
4.897796898998067e-06
4.975444363818905e-06
5.040456792413195e-06
5.092596592349671e-06
5.131695289027912e-06
5.157653309944363e-06
5.170439426047442e-06
5.170089858189331e-06
5.156707058287697e-06
5.130458176336151e-06
5.091573225694981e-06
5.040342960593976e-06
4.977116480804757e-06
4.902298579806875e-06
4.81634685358473e-06
4.71976858837069e-06
4.61311744620667e-06
4.496989968231119e-06
4.372021915906143e-06
4.238884471163545e-06
4.098280316679131e-06
3.950939617768857e-06
3.797615927684057e-06
3.639082037976393e-06
3.476125795709102e-06
3.309545908945818e-06
3.140147761873673e-06
2.968739260363658e-06
2.796126728440662e-06
2.623110875450958e-06
2.450482853182401e-06
2.279020421298832e-06
2.109484238756858e-06
1.942614297907428e-06
1.779126516986321e-06
1.619709505752497e-06
1.465021517811471e-06
1.31568760214918e-06
1.172296965097201e-06
1.0354005527925e-06
9.055088628985043e-07
7.830899930758585e-07
6.685679323962283e-07
5.623211005678992e-07
4.646811385116521e-07
3.759319525358375e-07
2.963090130276423e-07
2.259989072901633e-07
1.651391448851916e-07
1.1381821259903e-07
7.207587493974779e-08
3.990371489361863e-08
1.724590855061242e-08
4.000226131683752e-09
1.925092062230582e-11
5.111806644392613e-09
1.90445829373793e-08
4.154394769780208e-08
7.229793435945146e-08
1.109583914301944e-07
1.571432810039646e-07
2.104391124180621e-07
2.7040349676739e-07
3.365678075750497e-07
4.084399326480589e-07
4.855071018764685e-07
5.672387756005676e-07
6.530895781437122e-07
7.4250226102111e-07
8.349106805412802e-07
9.297427745612447e-07
1.026423523506292e-06
1.124377880972767e-06
1.22303365967802e-06
1.321824358937109e-06
1.420191920319865e-06
1.517589398825736e-06
1.613483537341348e-06
1.707357233001305e-06
1.79871188468497e-06
1.887069611675954e-06
1.971975334307732e-06
2.05299870825208e-06
2.12973590497704e-06
2.201811231777495e-06
2.268878585698321e-06
2.330622736549492e-06
2.38676043528079e-06
2.437041344685452e-06
2.481248790582443e-06
2.519200332398546e-06
2.550748153064202e-06
2.575779269015674e-06
2.5942155620137e-06
2.606013635336872e-06
2.611164497776594e-06
2.609693079626019e-06
2.601657585677799e-06
2.587148691023907e-06
2.56628858598533e-06
2.539229877423666e-06
2.506154354024677e-06
2.467271623932242e-06
2.422817633478446e-06
2.373053076269449e-06
2.318261702337513e-06
2.258748537334651e-06
2.194838022134963e-06
2.126872083361782e-06
2.055208145662411e-06
1.980217096481826e-06
1.90228121445104e-06
1.821792072222992e-06
1.739148424713526e-06
1.654754093640717e-06
1.569015858951367e-06
1.482341367686644e-06
1.39513707052469e-06
1.307806195890462e-06
1.22074677128614e-06
1.134349701027531e-06
1.048996909215446e-06
9.650595562314817e-07
8.828963365881736e-07
8.028518655010121e-07
7.252551608681462e-07
6.504182268249877e-07
5.78634744473295e-07
5.101788746828291e-07
4.45304177286793e-07
3.842426503009629e-07
3.272038921763999e-07
2.743743893870712e-07
2.259169310279394e-07
1.819701514152647e-07
1.426482010185591e-07
1.080405454403881e-07
7.821189145393831e-08
5.320223855313291e-08
3.302705382652546e-08
1.767756738855148e-08
7.121185038148671e-09
1.302014278417679e-09
1.41499319591688e-10
3.539160207597666e-09
1.137343077092681e-08
2.350258966420294e-08
3.976577841013573e-08
5.998409998792087e-08
8.396179122541929e-08
1.114874619684743e-07
1.423353937892872e-07
1.762668907923781e-07
2.130316749430161e-07
2.523693182193585e-07
2.940107038441267e-07
3.376795087977044e-07
3.830936998513852e-07
4.299670353980749e-07
4.780105654428042e-07
5.269341222576684e-07
5.76447794353685e-07
6.262633766132849e-07
6.760957896761448e-07
7.25664461933882e-07
7.746946677218989e-07
8.229188157058125e-07
8.700776817303482e-07
9.159215807935937e-07
9.602114731955038e-07
1.002720000300713e-06
1.043232445826253e-06
1.081547618913103e-06
1.117478655803252e-06
1.150853737290956e-06
1.181516719670547e-06
1.209327677327724e-06
1.234163355574139e-06
1.255917532888905e-06
1.274501292053233e-06
1.289843200305673e-06
1.301889398889385e-06
1.310603603068212e-06
1.315967013843564e-06
1.317978143278936e-06
1.31665255556024e-06
1.312022526428395e-06
1.304136623901358e-06
1.293059213633812e-06
1.278869892546212e-06
1.261662854623276e-06
1.241546193185527e-06
1.21864114400466e-06
1.193081274100994e-06
1.165011620986781e-06
1.134587787532685e-06
1.101974997659226e-06
1.067347118178057e-06
1.030885652222782e-06
9.927787097660132e-07
9.532199607191344e-07
9.124075761788101e-07
8.705431632662937e-07
8.278306990512218e-07
7.844754689010412e-07
7.40683014519098e-07
6.966580968135342e-07
6.526036785854214e-07
6.087199318073483e-07
5.652032741439916e-07
5.222454390588725e-07
4.800325836975606e-07
4.387444384380455e-07
3.985535017207082e-07
3.596242835351806e-07
3.221126005928573e-07
2.861649259513043e-07
2.519177955063861e-07
2.194972734717779e-07
1.890184786154383e-07
1.605851727122993e-07
1.342894123151708e-07
1.102112646285927e-07
8.841858793513829e-08
6.896687667017772e-08
5.189917094827934e-08
3.724603000802781e-08
2.502556871700829e-08
1.524355599968003e-08
7.893573741339871e-09
2.957234439880559e-09
4.044556213026209e-10
1.937887632633954e-10
2.272800246713604e-09
6.578501622061161e-09
1.303782627754733e-08
2.156814940387501e-08
3.20778479825097e-08
4.446689737338803e-08
5.862750094834962e-08
7.444474909905973e-08
9.179730386496442e-08
1.105581053552373e-07
1.305950960734888e-07
1.517719592500059e-07
1.739488672482298e-07
1.969832361436989e-07
2.207304825861976e-07
2.450447791157022e-07
2.697798041638238e-07
2.94789483056509e-07
3.199287164382346e-07
3.450540926462266e-07
3.700245807281876e-07
3.947022008813513e-07
4.189526693461295e-07
4.426460148547123e-07
4.656571640210605e-07
4.878664931810031e-07
5.091603444409896e-07
5.294315038933331e-07
5.485796401647277e-07
5.665117017293772e-07
5.831422715920803e-07
5.98393878251702e-07
6.121972620107022e-07
6.244915960255698e-07
6.352246616397518e-07
6.443529778567549e-07
6.518418849762831e-07
6.576655826817473e-07
6.618071231136679e-07
6.64258359609531e-07
6.650198520857861e-07
6.641007301762648e-07
6.61518515462471e-07
6.572989043463643e-07
6.514755132009634e-07
6.440895877150602e-07
6.351896783928181e-07
6.24831284388321e-07
6.130764679336623e-07
5.999934417254023e-07
5.856561318106515e-07
5.701437184696552e-07
5.535401577989573e-07
5.35933686650085e-07
5.174163136812463e-07
4.980832992932836e-07
4.78032627197241e-07
4.573644704499978e-07
4.361806546586217e-07
4.145841211464027e-07
3.926783927269409e-07
3.705670447603744e-07
3.483531840575897e-07
3.261389381019158e-07
3.04024957048056e-07
2.821099307305044e-07
2.604901229233317e-07
2.392589249189403e-07
2.185064303518244e-07
1.9831903308515e-07
1.787790498272401e-07
1.599643689845472e-07
1.419481271113205e-07
1.247984141691394e-07
1.085780086100159e-07
9.334414318231812e-08
7.914830213640445e-08
6.603605038939844e-08
5.404689500161258e-08
4.321417916798662e-08
3.356500876268959e-08
2.512021129994504e-08
1.78943270195436e-08
1.189563165953039e-08
7.126190302983687e-09
3.581941562490033e-09
1.252811208392743e-09
1.228542230972905e-10
1.704241324695814e-10
1.368368345832455e-09
3.684248127004085e-09
7.080581714574683e-09
1.151510901819959e-08
1.694107623071272e-08
2.330753862474719e-08
3.055967973556846e-08
3.86391450773993e-08
4.748438849792597e-08
5.703102923681749e-08
6.721221773992886e-08
7.795900824971772e-08
8.920073621118836e-08
1.008653985140149e-07
1.128800346326782e-07
1.251711067276593e-07
1.37664876827864e-07
1.502877792345275e-07
1.629667863666788e-07
1.756297663025379e-07
1.882058303571005e-07
2.006256690977134e-07
2.128218753020711e-07
2.24729252425777e-07
2.362851072666724e-07
2.47429525588271e-07
2.581056295889442e-07
2.68259816206866e-07
2.778419753509534e-07
2.86805687269235e-07
2.951083984010242e-07
3.027115751468603e-07
3.09580835119881e-07
3.156860555778028e-07
3.210014588434603e-07
3.255056746109093e-07
3.291817792232996e-07
3.320173120339136e-07
3.340042691602254e-07
3.351390749621394e-07
3.354225317868877e-07
3.348597485062596e-07
3.334600485745918e-07
3.312368583632869e-07
3.282075766324806e-07
3.243934260871015e-07
3.198192880421573e-07
3.145135212780707e-07
3.085077662322344e-07
3.018367357515624e-07
2.945379936349685e-07
2.866517222976174e-07
2.782204808400985e-07
2.692889549438012e-07
2.599036999136603e-07
2.501128783007681e-07
2.399659934859498e-07
2.295136206283674e-07
2.188071363593805e-07
2.078984486131529e-07
1.968397279267393e-07
1.856831415506952e-07
1.744805916480661e-07
1.632834588394948e-07
1.521423522932809e-07
1.411068675151395e-07
1.302253529354926e-07
1.195446863276477e-07
1.091100620208157e-07
9.896478982455604e-08
8.915010647739349e-08
7.970500038103821e-08
7.066605029215703e-08
6.206727857105988e-08
5.394001948832228e-08
4.631280303507525e-08
3.921125456754992e-08
3.265801055109479e-08
2.667265058173116e-08
2.127164577273107e-08
1.646832351473194e-08
1.227284853755923e-08
8.692220112353079e-09
5.730285170421728e-09
3.387767017462774e-09
1.662309269790405e-09
5.48534553214012e-10
3.811744600706718e-11
1.198710815899955e-10
7.798467671846106e-10
2.001445919800949e-09
3.765543569636786e-09
6.050622634001325e-09
8.832918124141279e-09
1.208657040980293e-08
1.578378663427299e-08
1.989500934624288e-08
2.438909139223974e-08
2.923347609713682e-08
3.439438174958974e-08
3.9836989399507e-08
4.552563298013908e-08
5.142399076091743e-08
5.74952771523601e-08
6.37024339029337e-08
7.000831972686307e-08
7.63758974510723e-08
8.276841776700659e-08
8.914959873206121e-08
9.548380017713894e-08
1.017361922233733e-07
1.078729171666337e-07
1.138612440039109e-07
1.196697149481516e-07
1.252682833262775e-07
1.306284422923646e-07
1.357233438465641e-07
1.405279077343474e-07
1.450189198117085e-07
1.491751195565767e-07
1.529772764535179e-07
1.564082550431413e-07
1.594530684693987e-07
1.620989204542807e-07
1.643352356502241e-07
1.661536784025728e-07
1.675481600058162e-07
1.68514834595784e-07
1.69052083868225e-07
1.691604908759459e-07
1.688428031956565e-07
1.681038858249222e-07
1.669506641873059e-07
1.653920577004174e-07
1.634389043659842e-07
1.611038769111264e-07
1.584013910276162e-07
1.553475062788904e-07
1.519598203022093e-07
1.4825735692837e-07
1.442604488653915e-07
1.399906156393259e-07
1.354704374479605e-07
1.307234256426466e-07
1.257738905370857e-07
1.206468072358012e-07
1.153676801906094e-07
1.099624071850261e-07
1.044571434332397e-07
9.887816647543448e-08
9.325174253229615e-08
8.760399496356785e-08
8.196077545586102e-08
7.63475385627454e-08
7.078922013431076e-08
6.531012022825606e-08
5.993379099022565e-08
5.468293000560577e-08
4.957927955910723e-08
4.46435322318955e-08
3.989524319922124e-08
3.535274956690146e-08
3.103309705248004e-08
2.695197425005254e-08
2.312365470443484e-08
1.956094695925272e-08
1.627515270681218e-08
1.327603312874403e-08
1.057178346357251e-08
8.169015809847981e-09
6.072750118882174e-09
4.286413300748826e-09
2.811846321132254e-09
1.649319130564949e-09
7.975532332318973e-10
2.537516637335817e-10
1.363610830719088e-11
7.149087507518569e-11
4.202133883820103e-10
1.051370853918961e-09
1.955262716636549e-09
3.120988509293291e-09
4.536520670023716e-09
6.18878188819495e-09
8.063726519939108e-09
1.014642560620937e-08
1.242115501038832e-08
1.487148618720557e-08
1.748037908747705e-08
2.023027670187062e-08
2.310320074412257e-08
2.608084797751633e-08
2.914468669364569e-08
3.227605285625763e-08
3.545624543492194e-08
3.86666204637818e-08
4.188868337531707e-08
4.510417916957085e-08
4.829518000516762e-08
5.144416981022074e-08
5.453412553689396e-08
5.754859470256866e-08
6.04717688892997e-08
6.328855289164386e-08
6.598462923827226e-08
6.854651783170645e-08
7.096163048064071e-08
7.321832014032714e-08
7.530592468246093e-08
7.721480506732256e-08
7.893637781336331e-08
8.046314168249725e-08
8.178869854686442e-08
8.290776841096794e-08
8.381619861102652e-08
8.451096723126259e-08
8.499018080908231e-08
8.525306643241464e-08
8.529995834579697e-08
8.513227922969084e-08
8.475251631232121e-08
8.416419252505801e-08
8.337183291765368e-08
8.23809265795261e-08
8.119788430830231e-08
7.982999233010178e-08
7.828536234008156e-08
7.657287818213666e-08
7.470213948372864e-08
7.268340257191972e-08
7.05275190114432e-08
6.824587210339285e-08
6.585031170572447e-08
6.335308770773868e-08
6.076678253388252e-08
5.810424301345148e-08
5.537851196951258e-08
5.260275988535089e-08
4.979021697060377e-08
4.695410597715897e-08
4.410757607989212e-08
4.126363813848871e-08
3.843510164712175e-08
3.563451365480991e-08
3.287409993869954e-08
3.016570868511285e-08
2.752075692253038e-08
2.495017993477423e-08
2.246438385870907e-08
2.007320165577297e-08
1.778585262608551e-08
1.561090561491399e-08
1.355624603411016e-08
1.162904681088938e-08
9.835743344800314e-09
8.182012537741183e-09
6.672755939946367e-09
5.312087034658004e-09
4.103322656318176e-09
3.048978528532136e-09
2.150768875698722e-09
1.409610050457758e-09
8.256280965785201e-10
3.981701485607903e-10
1.258195527304752e-10
6.414576829533823e-12
3.707055973368184e-11
2.142053373003095e-10
5.335677673524912e-10
9.902691632139639e-10
1.578817434506344e-09
2.293153722468246e-09
3.126691309018478e-09
4.072356568032464e-09
5.122631727240321e-09
6.269599192636735e-09
7.504987195770049e-09
8.820216512821854e-09
1.020644800435376e-08
1.165463072741643e-08
1.315555036994148e-08
1.469987776062468e-08
1.627821720830007e-08
1.788115443655971e-08
1.949930387427812e-08
2.112335508060913e-08
2.274411808357409e-08
2.435256741901998e-08
2.593988467694193e-08
2.749749935720111e-08
2.90171278656644e-08
3.049081047170425e-08
3.191094608746271e-08
3.327032471780852e-08
3.456215746084787e-08
3.578010394254513e-08
3.69182970903654e-08
3.797136515997092e-08
3.893445095283764e-08
3.980322816331763e-08
4.057391482482585e-08
4.124328382869137e-08
4.18086705096746e-08
4.226797730279011e-08
4.261967549658364e-08
4.286280411546874e-08
4.299696598244958e-08
4.302232102526652e-08
4.293957689994132e-08
4.274997702212254e-08
4.245528610363624e-08
4.205777330705117e-08
4.156019313549012e-08
4.096576419290313e-08
4.027814594740179e-08
3.95014136523943e-08
3.864003157010672e-08
3.769882466304651e-08
3.668294891855312e-08
3.559786047157041e-08
3.444928370534871e-08
3.324317849402753e-08
3.198570677787271e-08
3.068319863484487e-08
2.934211803840897e-08
2.796902846508523e-08
2.657055853706493e-08
2.515336786129179e-08
2.372411324273582e-08
2.228941542470466e-08
2.085582652189852e-08
1.942979829440259e-08
1.801765140987807e-08
1.662554583190242e-08
1.52594524641933e-08
1.392512617591692e-08
1.262808031722129e-08
1.137356283402883e-08
1.016653407405942e-08
9.011646369719493e-09
7.913225473348254e-09
6.875253907234758e-09
5.90135628503593e-09
4.99478664503467e-09
4.158417829514734e-09
3.394732930730144e-09
2.705818815106333e-09
2.093361726157075e-09
1.55864495574842e-09
1.102548564606908e-09
7.255511207542353e-10
4.277334170960597e-10
2.087841189033074e-10
6.800728393037803e-11
4.331688302392599e-12
1.632188382074434e-11
1.021909055476787e-10
2.598145403267639e-10
4.867470614011078e-10
7.802383278371924e-10
1.137252142498794e-09
1.554485757741468e-09
2.028390413469031e-09
2.555192789927063e-09
3.130917252713586e-09
3.751408768130264e-09
4.412356363561851e-09
5.10931700782788e-09
5.837739784110627e-09
6.592990233320236e-09
7.370374740967153e-09
8.165164846166739e-09
8.972621353442052e-09
9.788018127441175e-09
1.060666545972671e-08
1.142393289598007e-08
1.223527141720572e-08
1.30362348751328e-08
1.382250058675031e-08
1.458988899632384e-08
1.533438232246785e-08
1.605214211225028e-08
1.673952563138922e-08
1.739310102659218e-08
1.800966120344025e-08
1.858623636990534e-08
1.912010520345909e-08
1.960880460632226e-08
2.005013802411416e-08
2.044218230596197e-08
2.078329309546241e-08
2.107210874627344e-08
2.130755277057015e-08
2.148883482059696e-08
2.161545023602656e-08
2.168717816309288e-08
2.17040782945277e-08
2.16664862541268e-08
2.15750076764925e-08
2.143051103119645e-08
2.123411924578662e-08
2.098720018294549e-08
2.069135604796643e-08
2.034841178396877e-08
1.996040253490429e-08
1.952956025453695e-08
1.90582995332527e-08
1.854920273647219e-08
1.800500452943305e-08
1.742857587998399e-08
1.682290762893825e-08
1.619109370995956e-08
1.553631411533772e-08
1.486181769334003e-08
1.417090486136809e-08
1.346691033363692e-08
1.275318593570108e-08
1.203308360019392e-08
1.130993862343767e-08
1.058705325779233e-08
9.86768072454838e-09
9.15500971292495e-09
8.452149440079423e-09
7.762115335698485e-09
7.0878154148738e-09
6.432037394157118e-09
5.79743660542478e-09
5.186524755613698e-09
4.601659575305955e-09
4.045035392419406e-09
3.518674667585074e-09
3.024420513896783e-09
2.563930228228918e-09
2.13866984662775e-09
1.749909738199475e-09
1.398721241611066e-09
1.085974346413469e-09
8.123364137958959e-10
5.782719276584415e-10
3.840432613756055e-10
2.297124407351028e-10
1.151438791980268e-10
4.000805700556034e-11
3.786110756163931e-12
5.775297335556392e-12
4.509529120381256e-11
1.206952708075022e-10
2.313617470291196e-10
3.757270828496216e-10
5.522786511670305e-10
7.593685760037359e-10
9.952239987052241e-10
1.257957810608834e-09
1.545579790731673e-09
1.856008088139832e-09
2.187080984114786e-09
2.536568874449663e-09
2.902186405657646e-09
3.281604703915616e-09
3.672463634089291e-09
4.072384026933699e-09
4.47897981449678e-09
4.889870014995273e-09
5.302690507207422e-09
5.715105543115467e-09
6.124818941255856e-09
6.529584912983368e-09
6.927218471212311e-09
7.315605378260357e-09
7.692711587681963e-09
8.056592142481064e-09
8.405399493589793e-09
8.737391206163906e-09
9.050937022914042e-09
9.344525262181451e-09
9.61676852573318e-09
9.866408701321257e-09
1.009232124364887e-08
1.029351872474356e-08
1.046915364705719e-08
1.061852051625432e-08
1.07410571742443e-08
1.083634539850415e-08
1.09041107749243e-08
1.094422185546012e-08
1.095668861791396e-08
1.094166024262978e-08
1.089942223185482e-08
1.083039289264947e-08
1.073511921274195e-08
1.061427215722064e-08
1.046864142171654e-08
1.029912967281505e-08
1.010674631294568e-08
9.892600811958059e-09
9.657895639489521e-09
9.403918843003891e-09
9.13203631411185e-09
8.843683783603962e-09
8.540358592658894e-09
8.223611282534171e-09
7.895037046939521e-09
7.556267094716763e-09
7.208959963494816e-09
6.854792831289846e-09
6.495452867045751e-09
6.132628664704145e-09
5.768001800944161e-09
5.403238556645049e-09
5.03998184133032e-09
4.679843357965533e-09
4.324396042199157e-09
3.975166811033304e-09
3.633629651282865e-09
3.301199077021324e-09
2.979223984498221e-09
2.668981925589283e-09
2.371673826225516e-09
2.088419166752391e-09
1.820251640119504e-09
1.56811530590167e-09
1.332861247478496e-09
1.115244744270556e-09
9.159229646629623e-10
7.35453181471004e-10
5.742915133300297e-10
4.327921883774531e-10
3.112073268231229e-10
2.096872347721806e-10
1.282812010138887e-10
6.693878440504645e-11
2.551157789834141e-11
3.755433786452191e-12
1.333131209579591e-12
1.781746652262608e-11
5.269474425911294e-11
1.053686454765552e-10
1.751644481611798e-10
2.613335734887125e-10
3.630584306120434e-10
4.794575303343198e-10
6.095908393358813e-10
7.524653436284833e-10
9.070407911299722e-10
1.072235581470621e-09
1.246932771325133e-09
1.429986164492626e-09
1.620226454195703e-09
1.816467386831675e-09
2.017511915851891e-09
2.2221583155605e-09
2.42920622410879e-09
2.637462588945395e-09
2.8457474830853e-09
3.05289976974535e-09
3.257782584662627e-09
3.459288615356475e-09
3.656345152663652e-09
3.847918892218329e-09
4.033020467602061e-09
4.210708695141844e-09
4.380094514134246e-09
4.540344608382463e-09
4.690684694073914e-09
4.830402464821543e-09
4.958850182718473e-09
5.075446909610654e-09
5.179680370745778e-09
5.271108450005983e-09
5.349360312012367e-09
5.41413715346792e-09
5.465212584705317e-09
5.502432644898745e-09
5.525715457255525e-09
5.53505053085964e-09
5.530497718132241e-09
5.512185838613148e-09
5.480310980803063e-09
5.43513449529933e-09
5.376980694103409e-09
5.306234272163862e-09
5.223337468065252e-09
5.128786981641555e-09
5.023130668250122e-09
4.90696402931398e-09
4.780926518572314e-09
4.645697688076036e-09
4.501993191693539e-09
4.350560671315478e-09
4.192175546896351e-09
4.027636732206113e-09
3.857762299161935e-09
3.683385113762346e-09
3.505348464308089e-09
3.324501705526211e-09
3.141695937894125e-09
2.95777974526303e-09
2.773595009588072e-09
2.589972822790013e-09
2.407729514968798e-09
2.2276628166106e-09
2.050548171288024e-09
1.87713521617502e-09
1.708144444154988e-09
1.544264061619449e-09
1.386147055038519e-09
1.234408477139184e-09
1.089622962936149e-09
9.523224847989185e-10
8.229943535681274e-10
7.0207947245832e-10
5.8997084770238e-10
4.870123604724614e-10
3.934978013471032e-10
3.096701685521598e-10
2.357212293915562e-10
1.71791342706896e-10
1.179695396808404e-10
7.429385833721461e-11
4.075192666860717e-11
1.728178677064674e-11
3.77295329337444e-12
6.769664263581115e-14
5.962541358414342e-12
2.120996901629059e-11
4.552031394629474e-11
7.85638394022052e-11
1.199729813015498e-10
1.693447455687746e-10
2.262432448630146e-10
2.902023605214636e-10
3.607285135771027e-10
4.373035300767071e-10
5.193875854230619e-10
6.064222104676555e-10
6.978333455212747e-10
7.930344243288103e-10
8.914294738071941e-10
9.924162130402767e-10
1.095389136446599e-09
1.199742566179347e-09
1.304873658464048e-09
1.410185350582914e-09
1.515089234004978e-09
1.619008341120309e-09
1.721379831989489e-09
1.821657571047646e-09
1.91931458104249e-09
2.013845364326398e-09
2.104768082790798e-09
2.191626586953422e-09
2.273992285826645e-09
2.351465852814231e-09
2.423678759689283e-09
2.490294634099584e-09
2.551010437335921e-09
2.605557458343425e-09
2.653702122543165e-09
2.695246613365877e-09
2.73002930766807e-09
2.757925024123678e-09
2.778845087516868e-09
2.792737210724128e-09
2.799585197424269e-09
2.799408471190655e-09
2.792261434165684e-09
2.778232662247212e-09
2.757443942883545e-09
2.730049163046419e-09
2.696233054231787e-09
2.656209803792732e-09
2.610221541531371e-09
2.558536710564461e-09
2.501448332052219e-09
2.439272175016768e-09
2.372344840516057e-09
2.301021772277491e-09
2.225675203493544e-09
2.146692052148645e-09
2.064471775453534e-09
1.979424194166467e-09
1.891967299691669e-09
1.802525052392525e-09
1.711525186171719e-09
1.619397025090249e-09
1.526569328109702e-09
1.433468166336345e-09
1.340514849014825e-09
1.248123902727889e-09
1.156701115527653e-09
1.066641654644661e-09
9.783282645193211e-10
8.921295551468152e-10
8.083983855496161e-10
7.274703506547356e-10
6.496623763594277e-10
5.752714288844677e-10
5.045733425645582e-10
4.378217705719158e-10
3.752472611644684e-10
3.170564631868033e-10
2.634314614713168e-10
2.145292448801823e-10
1.704813063442371e-10
1.313933758028895e-10
9.734528459805217e-11
6.839096080467588e-11
4.455855258569974e-11
2.58506779899286e-11
1.224479713894582e-11
3.693703709137512e-12
1.261311971450879e-13
1.447469266596706e-12
7.54058491311102e-12
1.82667428201296e-11
3.346661883960205e-11
5.296140003877966e-11
7.655396486841793e-11
1.040301358397123e-10
1.351599979876657e-10
1.696992751472013e-10
2.073907566258076e-10
2.479657661071831e-10
2.911456652221248e-10
3.366433837351163e-10
3.841649680832394e-10
4.334111406192445e-10
4.840788613754257e-10
5.358628851084501e-10
5.884573052963653e-10
6.415570781625571e-10
6.948595191396228e-10
7.480657650974845e-10
8.008821952695214e-10
8.530218045280675e-10
9.042055236840911e-10
9.541634793860406e-10
1.002636190210614e-09
1.049375692804677e-09
1.094146593711696e-09
1.13672704353127e-09
1.176909628500514e-09
1.214502177468551e-09
1.249328480988199e-09
1.281228920597924e-09
1.310061006059086e-09
1.335699820178213e-09
1.358038369528653e-09
1.376987840607334e-09
1.392477762944323e-09
1.404456078359814e-09
1.412889118795182e-09
1.417761491695961e-09
1.419075878660274e-09
1.416852746427436e-09
1.41112997450788e-09
1.401962402469633e-09
1.389421299796429e-09
1.373593762756096e-09
1.354582041626537e-09
1.332502803874304e-09
1.307486336324768e-09
1.279675692516984e-09
1.2492257897666e-09
1.21630246090778e-09
1.181081466918928e-09
1.143747474803035e-09
1.104493007209423e-09
1.063517369287194e-09
1.021025557736259e-09
9.772271587671164e-10
9.323352396400226e-10
8.86565240330514e-10
8.401338694795977e-10
7.932580116213438e-10
7.461536496566462e-10
6.990348078529043e-10
6.521125216652315e-10
6.055938367176808e-10
5.596808433276085e-10
5.145697500902221e-10
4.704500007983372e-10
4.275034378789678e-10
3.859035162763188e-10
3.458145708914453e-10
3.073911400681292e-10
2.707773477289428e-10
2.361063469522357e-10
2.034998253370927e-10
1.730675755333039e-10
1.449071304323347e-10
1.191034648970227e-10
9.572876404789175e-11
7.484225832743715e-11
5.649012513004052e-11
4.070545662517737e-11
2.750829257801041e-11
1.690571742716771e-11
8.892019863544098e-12
3.448913371512132e-12
5.458155823654603e-13
1.401842384120466e-13
2.17790720962366e-12
6.593743859525781e-12
1.331181475204706e-11
2.224613657556626e-11
3.330119895879795e-11
4.637257959447454e-11
6.134759432547097e-11
7.810597794844622e-11
9.652059256885236e-11
1.164581589108422e-10
1.37780007154309e-10
1.603428429339514e-10
1.839995246935771e-10
2.085998484049715e-10
2.339913352129948e-10
2.600200189003702e-10
2.865312284512235e-10
3.133703624714874e-10
3.403836513492462e-10
3.674189040052829e-10
3.943262354426946e-10
4.209587718349411e-10
4.47173330332352e-10
4.728310702733629e-10
4.977981124179804e-10
5.219461258046036e-10
5.451528766200702e-10
5.673027397902829e-10
5.882871699728705e-10
6.080051301203194e-10
6.26363476381704e-10
6.4327729916103e-10
6.586702169964295e-10
6.724746247648229e-10
6.846318946024805e-10
6.950925293407645e-10
7.038162683857037e-10
7.107721463799205e-10
7.159385058666037e-10
7.193029624657257e-10
7.208623254565145e-10
7.206224744682495e-10
7.185981926320995e-10
7.148129586130475e-10
7.092986984386215e-10
7.020955001743837e-10
6.932512917695194e-10
6.82821485453164e-10
6.708685900226987e-10
6.574617952176295e-10
6.426765278316203e-10
6.265939847646198e-10
6.0930064403833e-10
5.908877576646769e-10
5.714508281073533e-10
5.510890719899527e-10
5.299048735799158e-10
5.08003230533575e-10
4.854911953223729e-10
4.62477315251907e-10
4.390710729116024e-10
4.153823310941225e-10
3.915207838824322e-10
3.675954168580783e-10
3.437139790197059e-10
3.199824689561007e-10
2.965046369688543e-10
2.733815065479936e-10
2.507109154524505e-10
2.285870807076001e-10
2.071001869556284e-10
1.863360014441696e-10
1.66375516779693e-10
1.472946222939584e-10
1.291638056660563e-10
1.12047885690974e-10
9.600577715598448e-11
8.109028834578985e-11
6.734795167477022e-11
5.481888790123196e-11
4.353670417533516e-11
3.352842542556295e-11
2.48144595681126e-11
1.740859576196713e-11
1.131803534527096e-11
6.543454883616055e-12
3.079100366665767e-12
9.129117484801748e-13
2.667676365545933e-14
3.962127208983604e-13
1.991575039287589e-12
4.777291059533824e-12
8.712617573482386e-12
1.375182056625829e-11
1.984447521392109e-11
2.693578470282796e-11
3.49669155469346e-11
4.38753480498461e-11
5.359523944438527e-11
6.405779808949987e-11
7.519166644239999e-11
8.692331129014788e-11
9.91774181564466e-11
1.118772892593872e-10
1.249452418056898e-10
1.383030055749137e-10
1.51872117001522e-10
1.655743085835382e-10
1.793318912848505e-10
1.93068128459315e-10
2.067075993893473e-10
2.201765509798741e-10
2.334032356846188e-10
2.463182349865282e-10
2.588547656391779e-10
2.709489695112398e-10
2.825401834759784e-10
2.935711905187957e-10
3.039884492041689e-10
3.13742302396333e-10
3.227871628896939e-10
3.310816770717596e-10
3.385888644465226e-10
3.452762340217457e-10
3.511158766928827e-10
3.560845336500051e-10
3.601636408916509e-10
3.633393499453132e-10
3.6560252480455e-10
3.669487162176556e-10
3.673781127459203e-10
3.66895470045321e-10
3.655100183949753e-10
3.632353502186093e-10
3.600892869997903e-10
3.560937277746894e-10
3.512744798692115e-10
3.456610729090598e-10
3.392865570537871e-10
3.321872873167994e-10
3.244026942155372e-10
3.159750436478947e-10
3.069491854823781e-10
2.973722939084514e-10
2.872935994599589e-10
2.767641158856617e-10
2.658363616887515e-10
2.545640785089532e-10
2.430019478736482e-10
2.312053074954904e-10
2.192298685348348e-10
2.071314353586973e-10
1.949656289236896e-10
1.827876154804892e-10
1.706518412850683e-10
1.586117748072337e-10
1.467196579539759e-10
1.350262668159873e-10
1.235806831517359e-10
1.124300778501076e-10
1.016195069141471e-10
9.119172091376081e-11
8.118698868863505e-11
7.164293589657403e-11
6.259439897389953e-11
5.407329504508528e-11
4.610850804899035e-11
3.872579170379939e-11
3.194768913885589e-11
2.579346960362026e-11
2.02790822192977e-11
1.541712685030204e-11
1.121684177394611e-11
7.684108157221165e-12
4.82147095879125e-12
2.62817594560158e-12
1.100222385423069e-12
2.30430938751847e-13
8.526169129842989e-15
4.21233055388672e-13
1.452386820836135e-12
3.083055341820201e-12
5.291673333972121e-12
8.054187515780544e-12
1.134421179400238e-11
1.513319165878182e-11
1.939057672033829e-11
2.408400063052284e-11
2.917946703419732e-11
3.464154095899599e-11
4.043354428017868e-11
4.651775448238263e-11
5.285560553900226e-11
5.940788992952706e-11
6.613496076225903e-11
7.299693324539057e-11
7.99538839814925e-11
8.696604780551325e-11
9.399401062929707e-11
1.009988978854355e-10
1.079425573930467e-10
1.147877359975801e-10
1.214982491648517e-10
1.280391425791663e-10
1.343768456773524e-10
1.404793157701668e-10
1.463161726216056e-10
1.51858822755895e-10
1.57080573301457e-10
1.619567345289334e-10
1.664647113227271e-10
1.705840828754625e-10
1.742966702569814e-10
1.775865923694956e-10
1.804403095181689e-10
1.828466548444473e-10
1.84796853698074e-10
1.862845309896501e-10
1.873057065455357e-10
1.878587787717388e-10
1.879444970497205e-10
1.875659226870801e-10
1.867283794885983e-10
1.854393933645842e-10
1.837086228174855e-10
1.815477792706015e-10
1.789705388826539e-10
1.759924459110745e-10
1.726308083114003e-10
1.689045864006936e-10
1.648342749524402e-10
1.604417792360461e-10
1.557502865970057e-10
1.507841331643722e-10
1.455686670103839e-10
1.401301084822413e-10
1.344954082257058e-10
1.286921037687427e-10
1.227481754926844e-10
1.166919022987165e-10
1.105517182348144e-10
1.043560703487527e-10
9.813327861318726e-11
9.191139862080143e-11
8.571808754232489e-11
7.958047406928632e-11
7.352503289613435e-11
6.757746439945975e-11
6.176257956273103e-11
5.610419143766678e-11
5.062501275839229e-11
4.534656063602597e-11
4.028906857370907e-11
3.547140597703182e-11
3.09110056355315e-11
2.662379927739508e-11
2.262416160272571e-11
1.892486252094758e-11
1.553702823454254e-11
1.247011081407646e-11
9.731866495918061e-12
7.32834262089027e-12
5.263873121313042e-12
3.541082541026343e-12
2.160898328074243e-12
1.122571276255072e-12
4.237039422909945e-13
6.028663930333322e-14
2.674088799164089e-14
3.159698712004532e-13
9.194156024744066e-13
1.827122408389413e-12
3.027806331764827e-12
4.508930009056425e-12
6.256782622010014e-12
8.256564377311111e-12
1.049247505827549e-11
1.294780620345127e-11
1.560503635266036e-11
1.844592895832247e-11
2.145163220648548e-11
2.460278046281194e-11
2.787959677317836e-11
3.126199572562383e-11
3.47296864669522e-11
3.826227504182874e-11
4.18393658594031e-11
4.544066161358901e-11
4.904606120811015e-11
5.263575527438079e-11
5.619031895607792e-11
5.969080129695531e-11
6.311881105491046e-11
6.645659846934644e-11
6.968713275967798e-11
7.279417482034714e-11
7.576234503037849e-11
7.857718598436325e-11
8.122521940579477e-11
8.369399791813013e-11
8.59721505957955e-11
8.80494227457148e-11
8.991670952193367e-11
9.156608363595852e-11
9.299081663102971e-11
9.418539417366641e-11
9.514552499253969e-11
9.586814379397373e-11
9.635140811262484e-11
9.65946892133708e-11
9.659855721830943e-11
9.636476053301113e-11
9.589619975938801e-11
9.519689652099965e-11
9.427195705533311e-11
9.312753122331398e-11
9.1770766740717e-11
9.02097595645714e-11
8.845350002755041e-11
8.651181558684658e-11
8.439531026926349e-11
8.211530110124342e-11
7.96837522621485e-11
7.711320665327659e-11
7.441671600950934e-11
7.160776931069506e-11
6.870022015660115e-11
6.570821352329143e-11
6.264611202734692e-11
5.952842237224337e-11
5.636972197019376e-11
5.318458656026187e-11
4.998751865055561e-11
4.679287753039417e-11
4.361481095357675e-11
4.046718886640529e-11
3.736353947065571e-11
3.431698796056816e-11
3.134019804506585e-11
2.844531665698741e-11
2.56439219827035e-11
2.294697500100002e-11
2.036477492779143e-11
1.790691823916048e-11
1.558226209793924e-11
1.339889167274502e-11
1.136409185128793e-11
9.484323242810833e-12
7.765202552827501e-12
6.21148745471965e-12
4.827065768362292e-12
3.614949178483013e-12
2.577271237739054e-12
1.715289769478238e-12
1.029393473523235e-12
5.191127049349319e-13
1.831343004586885e-13
1.932030810572928e-14
2.473047592979802e-14
1.956483465450491e-13
5.276107562901833e-13
1.01544056170932e-12
1.653282376268465e-12
2.434641089334013e-12
3.352422984748252e-12
4.398979135861422e-12
5.566150894598086e-12
6.845317267288941e-12
8.227443731026098e-12
9.703132483991254e-12
1.126267365842356e-11
1.289609736845056e-11
1.459322614004754e-11
1.634372777044744e-11
1.813716800002781e-11
1.99630630364065e-11
2.181093147524449e-11
2.367034542092565e-11
2.553098070836577e-11
2.738266583749067e-11
2.921542930863775e-11
3.101954550851975e-11
3.278557858745159e-11
3.450442425101119e-11
3.616734942615772e-11
3.77660294546412e-11
3.929258271275665e-11
4.073960273571951e-11
4.210018728025231e-11
4.336796476010217e-11
4.453711750821842e-11
4.560240203118121e-11
4.655916632096905e-11
4.740336377801949e-11
4.813156414569112e-11
4.874096122502465e-11
4.922937734021798e-11
4.95952648669129e-11
4.983770445060454e-11
4.99564003408055e-11
4.995167260859257e-11
4.982444659427171e-11
4.957623953682084e-11
4.920914440593016e-11
4.872581125213288e-11
4.812942604994315e-11
4.742368733217518e-11
4.661278055094269e-11
4.570135052588978e-11
4.469447194987112e-11
4.359761829596725e-11
4.241662927222638e-11
4.115767690683112e-11
3.982723047196897e-11
3.843202051703767e-11
3.697900222245033e-11
3.547531799456675e-11
3.392825992466942e-11
3.234523188070662e-11
3.07337117464032e-11
2.910121373506262e-11
2.745525113433367e-11
2.580329959702422e-11
2.415276119335497e-11
2.251092922926979e-11
2.088495420833708e-11
1.92818110061384e-11
1.770826723649742e-11
1.617085323283699e-11
1.467583360977547e-11
1.32291804570541e-11
1.183654839947971e-11
1.050325156825308e-11
9.234242609022427e-12
8.034093675667393e-12
6.906979615089335e-12
5.856663315298011e-12
4.886483275574567e-12
3.999343455247621e-12
3.197705349733467e-12
2.483582353720132e-12
1.858536413117349e-12
1.323676893054706e-12
8.796617066896893e-13
5.26700596966443e-13
2.645605749037091e-13
9.257343990672936e-14
9.645303498278639e-15
1.426805837128492e-14
1.045326957295055e-13
2.781443897870025e-13
5.324392473675237e-13
8.644025991389251e-13
1.270688768957621e-12
1.747642126038768e-12
2.291319382163594e-12
2.897512949426981e-12
3.561775264692018e-12
4.279443910572847e-12
5.045667431851274e-12
5.855431725860818e-12
6.703586762877547e-12
7.584873690834802e-12
8.493951984732128e-12
9.425426663169962e-12
1.03738753407728e-11
1.133387505531519e-11
1.230002869753122e-11
1.326699087660524e-11
1.422949332805211e-11
1.518236932208198e-11
1.612057744242436e-11
1.70392243435511e-11
1.793358639099394e-11
1.879913028880522e-11
1.963153235579509e-11
2.042669657121095e-11
2.118077124508782e-11
2.189016425544235e-11
2.255155676305554e-11
2.316191549705784e-11
2.371850326493768e-11
2.42188881916313e-11
2.466095095767235e-11
2.504289076487578e-11
2.536322938775972e-11
2.562081376242859e-11
2.581481691463537e-11
2.594473722492721e-11
2.60103961537767e-11
2.601193452917297e-11
2.594980713802346e-11
2.582477601590501e-11
2.563790229338332e-11
2.539053664504523e-11
2.508430858082106e-11
2.472111445143605e-11
2.430310431155342e-11
2.38326677880191e-11
2.331241896809669e-11
2.274518042686682e-11
2.213396636599735e-11
2.148196527482626e-11
2.079252177256121e-11
2.006911806778668e-11
1.931535502280591e-11
1.85349327972131e-11
1.773163147138901e-11
1.690929137667201e-11
1.607179354693512e-11
1.522304018430521e-11
1.436693531983307e-11
1.350736576629485e-11
1.264818237864683e-11
1.179318178755347e-11
1.094608874560742e-11
1.011053887864256e-11
9.290062250606931e-12
8.488067717924113e-12
7.707827980607217e-12
6.952465630335377e-12
6.224940071031869e-12
5.528035419734713e-12
4.864349416157035e-12
4.236283486807698e-12
3.646033778018589e-12
3.095583427185427e-12
2.586695915744355e-12
2.120909629958076e-12
1.699533562391874e-12
1.323644225988259e-12
9.940837087558155e-13
7.114589149765043e-13
4.761419730844184e-13
2.882717613479058e-13
1.477565569986314e-13
5.427776389162208e-14
7.294702840141352e-15
6.050397117080144e-15
4.957833813047649e-14
1.367101673051795e-13
2.660842364756714e-13
4.361549800877667e-13
6.452030439197633e-13
8.913461407728944e-13
1.172550503242533e-12
1.486642933981556e-12
1.831323370313706e-12
2.204177860222167e-12
2.602691925890591e-12
3.024264223038831e-12
3.466220405865427e-12
3.925827171871764e-12
4.400306350682888e-12
4.886849047330062e-12
5.382629758712577e-12
5.884820299522679e-12
6.390603653075115e-12
6.89718746599845e-12
7.401817234355075e-12
7.901789161489636e-12
8.394462601104792e-12
8.877271911587911e-12
9.347737880941781e-12
9.803478575001501e-12
1.024221944416327e-11
1.066180290627344e-11
1.106019711131679e-11
1.143550401571178e-11
1.178596671219999e-11
1.210997592899852e-11
1.240607574881086e-11
1.26729684634095e-11
1.290951867362761e-11
1.311475646920158e-11
1.328787979345829e-11
1.342825588592459e-11
1.353542200308133e-11
1.360908515532828e-11
1.364912116646358e-11
1.365557284991619e-11
1.362864743947077e-11
1.356871317067172e-11
1.347629527587794e-11
1.335207115070874e-11
1.319686490863656e-11
1.301164125973894e-11
1.279749886980203e-11
1.255566306838696e-11
1.228747807451542e-11
1.199439881682021e-11
1.167798223257966e-11
1.133987828691234e-11
1.098182058127469e-11
1.060561681046126e-11
1.021313888672992e-11
9.80631290273247e-12
9.387109042051038e-12
8.957531368305049e-12
8.519607563270079e-12
8.075378797774387e-12
7.626889527292821e-12
7.176177583480521e-12
6.725264331068366e-12
6.276145056457827e-12
5.830779656121521e-12
5.391083574854901e-12
4.958919146435451e-12
4.536087276665696e-12
4.124319552751456e-12
3.725270850007021e-12
3.340512361149858e-12
2.971525108548601e-12
2.61969399587363e-12
2.286302411715643e-12
1.972527454938651e-12
1.679435683527257e-12
1.407979480747424e-12
1.15899404733824e-12
9.33194976056739e-13
7.311764542857727e-13
5.534100730452948e-13
4.002442526264798e-13
2.719042780256576e-13
1.684929255202264e-13
8.999167960577052e-14
3.626252455498714e-14
7.05027779142389e-15
1.985455929472355e-15
2.058765609420746e-14
6.22694303304934e-14
1.2634064553215e-13
2.12013279840967e-13
3.184066135914325e-13
4.445528047759782e-13
5.894027924815826e-13
7.518325197663387e-13
9.30649436731342e-13
1.124599238768745e-12
1.332372810509596e-12
1.55261335685785e-12
1.783923632932692e-12
2.024873285136669e-12
2.274006247212211e-12
2.529848181831148e-12
2.790913855701426e-12
3.055714551080659e-12
3.322765292006538e-12
3.590592017589977e-12
3.857738574108155e-12
4.122773496800533e-12
4.384296612259278e-12
4.640945388340161e-12
4.891401019405412e-12
5.134394210755578e-12
5.368710619754364e-12
5.593196016277407e-12
5.806761001040037e-12
6.008385402270836e-12
6.19712221110031e-12
6.372101208591576e-12
6.532532066749781e-12
6.677707066848612e-12
6.807003390094263e-12
6.919884938402808e-12
7.015903664190244e-12
7.094700576816636e-12
7.156006145885414e-12
7.199640441914398e-12
7.225512706301396e-12
7.23362055094624e-12
7.224048746893082e-12
7.196967574582637e-12
7.152630809699653e-12
7.091373263674958e-12
7.013608074100682e-12
6.919823595911945e-12
6.810579956336728e-12
6.686505327183315e-12
6.548291946727297e-12
6.396691826535499e-12
6.232512270970189e-12
6.056611223223938e-12
5.86989232757479e-12
5.673299975838028e-12
5.467814114383844e-12
5.254445001472218e-12
5.034227862098544e-12
4.808217511222651e-12
4.577482965805988e-12
4.343102062158203e-12
4.106156093911309e-12
3.867724527179668e-12
3.628879773991144e-12
3.390682097333534e-12
3.15417462524155e-12
2.920378530890141e-12
2.690288410806667e-12
2.464867778489044e-12
2.245044853980734e-12
2.031708556689534e-12
1.825704711440539e-12
1.627832538340355e-12
1.438841461832258e-12
1.259428107276375e-12
1.090233713888162e-12
9.318417672401056e-13
7.847759874747333e-13
6.49498600189563e-13
5.264089556783581e-13
4.158424608799857e-13
3.180698343976917e-13
2.332966906702401e-13
1.616634426280448e-13
1.032455200495268e-13
5.805390026344041e-14
2.603594551353142e-14
7.076534609198431e-15
9.994843638097028e-16
7.5692450505762e-15
2.649286585037775e-14
5.742220268357514e-14
9.99563667995091e-14
1.536443837687409e-13
2.179880699314085e-13
2.924450881631013e-13
3.764321772752311e-13
4.693285440304516e-13
5.704793854317325e-13
6.791995189350204e-13
7.947771155757009e-13
9.164775136509408e-13
1.043547089546799e-12
1.175217157393148e-12
1.310707899359492e-12
1.449232277293892e-12
1.589999956345138e-12
1.732221158102663e-12
1.875110466620821e-12
2.017890571441338e-12
2.159795913053721e-12
2.300076221491687e-12
2.437999939597303e-12
2.572857490138186e-12
2.703964417668891e-12
2.83066434646582e-12
2.952331769158135e-12
3.068374637782446e-12
3.178236769899386e-12
3.281400042415433e-12
3.37738636212949e-12
3.465759449643257e-12
3.546126351857055e-12
3.618138740265482e-12
3.68149400557632e-12
3.735936087963277e-12
3.78125604668886e-12
3.817292445565668e-12
3.843931491561126e-12
3.861106901017125e-12
3.868799591507337e-12
3.867037098398787e-12
3.855892821176159e-12
3.835485028849784e-12
3.805975664233763e-12
3.767568974047093e-12
3.720509928028283e-12
3.665082500516418e-12
3.601607720310288e-12
3.530441621850261e-12
3.45197307250811e-12
3.366621388012404e-12
3.274833939422245e-12
3.17708356427426e-12
3.073865933451605e-12
2.965696849730718e-12
2.853109464965755e-12
2.736651471905568e-12
2.616882238018785e-12
2.494369949039303e-12
2.369688732739805e-12
2.243415801891085e-12
2.116128618506818e-12
1.988402079407785e-12
1.860805778547234e-12
1.733901321620815e-12
1.608239696933259e-12
1.484358775538782e-12
1.362780865624297e-12
1.244010401017902e-12
1.12853174009947e-12
1.016807091562581e-12
9.092745803180381e-13
8.063464444476539e-13
7.08407396678795e-13
6.158131297737356e-13
5.288889922861876e-13
4.479288142820973e-13
3.731939183419029e-13
3.049122862091057e-13
2.432779145440778e-13
1.884503246682955e-13
1.405542652502171e-13
9.967957765851461e-14
6.588122376279336e-14
3.917949996126438e-14
1.956040419369034e-14
6.976166062729287e-15
1.34593350739043e-15
2.556610864595875e-15
1.046384022954979e-14
2.489312261012247e-14
4.564106558118402e-14
7.247676332055073e-14
1.051432777765291e-13
1.433592377957709e-13
1.868205310849667e-13
2.352020764665916e-13
2.881596870538226e-13
3.45331985112673e-13
4.063423859061329e-13
4.708011288684897e-13
5.38307324688287e-13
6.084510613538023e-13
6.80815491639066e-13
7.549789594547068e-13
8.305170830141532e-13
9.070048641886985e-13
9.840187290320436e-13
1.061138579895263e-12
1.137949765359668e-12
1.214045005953113e-12
1.289026275329591e-12
1.362506586050623e-12
1.434111721132807e-12
1.503481854992743e-12
1.570273114197611e-12
1.634159017660832e-12
1.694831804833474e-12
1.75200367468534e-12
1.805407936600979e-12
1.854799950517301e-12
1.899958078069286e-12
1.94068438759286e-12
1.976805319896853e-12
2.008172178658077e-12
2.034661523420597e-12
2.056175423601994e-12
2.072641561663135e-12
2.084013265441988e-12
2.090269366474093e-12
2.091413964724834e-12
2.087476061436766e-12
2.078509082235636e-12
2.064590285002341e-12
2.045820070954463e-12
2.022321174962195e-12
1.994237773530988e-12
1.96173449142251e-12
1.924995340716365e-12
1.88422255875059e-12
1.839635386787206e-12
1.791468782708654e-12
1.739972065477427e-12
1.685407516331334e-12
1.6280489451162e-12
1.568180200002729e-12
1.506093662771892e-12
1.442088717719781e-12
1.376470221374528e-12
1.309546941464533e-12
1.241630021581873e-12
1.173031429530345e-12
1.104062462943395e-12
1.035032226133636e-12
9.662461859997964e-13
8.980047413190491e-13
8.306018268230842e-13
7.643235977136781e-13
6.994471312941054e-13
6.362392268970192e-13
5.749552496697679e-13
5.158380412453921e-13
4.59116924513504e-13
4.05006774236178e-13
3.537071633416007e-13
3.054016130739957e-13
2.602569209396963e-13
2.184225704216035e-13
1.800302478026285e-13
1.451934346982388e-13
1.140071135810143e-13
8.654754434018412e-14
6.287215063243425e-14
4.30194934405367e-14
2.70093319845739e-14
1.484277956477664e-14
6.502545932692471e-15
1.953262477468557e-15
1.141894737992227e-15
3.99823104514113e-15
1.043544979342096e-14
2.035075671765901e-14
3.36260921443515e-14
5.012890456135245e-14
6.971297839953723e-14
9.221931950646661e-14
1.174770958999423e-13
1.453046075157517e-13
1.755103176348067e-13
2.07893896774748e-13
2.422473103832415e-13
2.783559204345947e-13
3.159996076330956e-13
3.549539050771226e-13
3.949911407515103e-13
4.358815736833244e-13
4.773945259652239e-13
5.19299514465799e-13
5.61367352507659e-13
6.033712425471586e-13
6.450878376680898e-13
6.862982712848825e-13
7.267891471193456e-13
7.663535104503429e-13
8.047917508562795e-13
8.419124640619308e-13
8.775332795253146e-13
9.114816076974304e-13
9.43595359039388e-13
9.73723561907186e-13
1.001726969329991e-12
1.027478565157094e-12
1.050864013874636e-12
1.07178204363722e-12
1.09014477785096e-12
1.105877960121301e-12
1.11892114348726e-12
1.129227804856669e-12
1.136765375547328e-12
1.141515225900747e-12
1.143472555310919e-12
1.142646251871015e-12
1.139058653860184e-12
1.132745270382712e-12
1.123754445358471e-12
1.112146932233451e-12
1.097995455869061e-12
1.081384197439444e-12
1.062408244420069e-12
1.041172969682068e-12
1.017793404473082e-12
9.923935417114243e-13
9.65105639273424e-13
9.360694373699353e-13
9.054314228776731e-13
8.733440065776098e-13
8.399647161386481e-13
8.054553742248545e-13
7.699812482780882e-13
7.337102092124266e-13
6.968118874411695e-13
6.594568351148478e-13
6.218156743693666e-13
5.840582861649244e-13
5.463529934227648e-13
5.08865760294871e-13
4.717594312203742e-13
4.351929785699231e-13
3.993207882342498e-13
3.642919726725273e-13
3.302497100350933e-13
2.973306436174209e-13
2.656642972586384e-13
2.353725451879952e-13
2.065691173218765e-13
1.793591662530857e-13
1.538388629979651e-13
1.300950473498451e-13
1.08204937765867e-13
8.823587894965158e-14
7.024514486551877e-14
5.427979822020698e-14
4.037658811681689e-14
2.856191534417818e-14
1.885183544418059e-14
1.125211867977443e-14
5.758353399911577e-15
2.356103309912052e-15
1.02110720741981e-15
1.719523376785231e-15
4.408219499811987e-15
9.035101377529229e-15
1.553948311695815e-14
2.385249029771907e-14
3.389749951239196e-14
4.559061323461412e-14
5.88411533067509e-14
7.355219298452938e-14
8.962110262125618e-14
1.069401197050288e-13
1.253969404563499e-13
1.448753154576818e-13
1.652556639663174e-13
1.864156931311107e-13
2.082310267067153e-13
2.305758288432112e-13
2.533234329181956e-13
2.763469604099621e-13
2.99519933323713e-13
3.227168859779769e-13
3.458139508586143e-13
3.686894375417442e-13
3.912243892981403e-13
4.133031218374334e-13
4.34813741093886e-13
4.556486262269646e-13
4.757048966228475e-13
4.948848464496452e-13
5.130963480772611e-13
5.302532116629359e-13
5.462755381513564e-13
5.610900117982183e-13
5.746301723567816e-13
5.868366463300258e-13
5.976573254998778e-13
6.070475513347619e-13
6.149702124989852e-13
6.213958205104339e-13
6.263025685013091e-13
6.296763245145886e-13
6.315106079161307e-13
6.318065116038277e-13
6.305725997652355e-13
6.278247732221542e-13
6.235860939284168e-13
6.178865862749267e-13
6.107629913898903e-13
6.022585085919176e-13
5.92422502723268e-13
5.81310185062541e-13
5.68982274677933e-13
5.555046267109291e-13
5.409478526935747e-13
5.253869222807405e-13
5.089007386660662e-13
4.91571709436089e-13
4.734853081896739e-13
4.547296171409801e-13
4.353948737839213e-13
4.155729993898243e-13
3.953571433156247e-13
3.748412185537287e-13
3.541194316532418e-13
3.332858293755476e-13
3.124338497505081e-13
2.916558716841236e-13
2.710427940092597e-13
2.506836061910442e-13
2.306649913268507e-13
2.11070932237929e-13
1.919823464028686e-13
1.734767326861745e-13
1.55627836846943e-13
1.385053530117e-13
1.22174629221774e-13
1.066964155141124e-13
9.212662249029423e-14
7.851611957273272e-14
6.591055337375847e-14
5.435019234657552e-14
4.386980033087917e-14
3.449854254886055e-14
2.625991298650617e-14
1.917169284767634e-14
1.324593807212453e-14
8.488993055780849e-15
4.901531849684751e-15
2.478627937618794e-15
1.209848005812214e-15
1.07937090084539e-15
2.066133233548615e-15
4.143996233124972e-15
7.281935773896632e-15
1.14442533969694e-14
1.659080863470812e-14
2.267726628484416e-14
2.965536369391397e-14
3.747319349914571e-14
4.607550014259374e-14
5.540398857733452e-14
6.539763920744461e-14
7.599304544310985e-14
8.712474148443836e-14
9.872554616872509e-14
1.107269084467117e-13
1.230592564640923e-13
1.356523438359141e-13
1.484355993701621e-13
1.613384733030802e-13
1.742907689747094e-13
1.872229820382239e-13
2.000666315205944e-13
2.127545705773195e-13
2.25221297101443e-13
2.374032454872625e-13
2.492390739470408e-13
2.606699257870616e-13
2.71639688886549e-13
2.820952273777674e-13
2.919866028638006e-13
3.012672688202349e-13
3.098942624257424e-13
3.17828360971507e-13
3.25034223865068e-13
3.314805128824096e-13
3.371399978890007e-13
3.419896296595558e-13
3.460106047549244e-13
3.491883970051156e-13
3.515127729455441e-13
3.529777940878176e-13
3.535817777422397e-13
3.533272689425844e-13
3.522209552073742e-13
3.502735955310049e-13
3.47499912568622e-13
3.439184668934096e-13
3.3955152156408e-13
3.344248909137741e-13
3.285677641578593e-13
3.220125239501098e-13
3.147945532436627e-13
3.069520166155737e-13
2.985256493478949e-13
2.895585190146026e-13
2.800957988368445e-13
2.701845092827705e-13
2.598732799480465e-13
2.492120825954838e-13
2.382519790753318e-13
2.270448605668059e-13
2.15643178180742e-13
2.0409969383694e-13
1.924672125977177e-13
1.807983298839858e-13
1.691451807068614e-13
1.575591873509795e-13
1.460908295549531e-13
1.347894050331376e-13
1.237028091299855e-13
1.128773204556106e-13
1.023573970193937e-13
9.218548862601833e-14
8.240184759945359e-14
7.304437467428064e-14
6.414845586303323e-14
5.574683150928753e-14
4.786946451169503e-14
4.054343673691796e-14
3.379285054217866e-14
2.763875323111956e-14
2.209907344406434e-14
1.718857162924903e-14
1.291881331734563e-14
9.298151500699275e-15
6.331726441360108e-15
4.021484706265259e-15
2.366207268686657e-15
1.361556696845018e-15
1.000137865791158e-15
1.271572903727906e-15
2.16258833262804e-15
3.657115420936281e-15
5.736404619090787e-15
8.379147602019495e-15
1.156161498788398e-14
1.525779886800901e-14
1.943956884566043e-14
2.407683456590503e-14
2.913771246425088e-14
3.458870553106935e-14
4.039488346781408e-14
4.652006889524729e-14
5.292702665950445e-14
5.957765784274037e-14
6.643319455919616e-14
7.345438999803371e-14
8.060172149192614e-14
8.783557579611876e-14
9.51164479299422e-14
1.024051222846414e-13
1.09662865890364e-13
1.168516014324175e-13
1.239340854126765e-13
1.308740798615232e-13
1.37636507316333e-13
1.441876083776177e-13
1.504950882672741e-13
1.565282517094208e-13
1.622581321566135e-13
1.676576052509902e-13
1.72701504144464e-13
1.773667080335656e-13
1.816322313082981e-13
1.854792960164634e-13
1.888913961867589e-13
1.918543471803983e-13
1.943563251678844e-13
1.963878952462768e-13
1.979420252533014e-13
1.99014094840501e-13
1.996018782439161e-13
1.997055322338376e-13
1.993275661555819e-13
1.984727975527945e-13
1.971482987925269e-13
1.953633383954507e-13
1.931293101279387e-13
1.90459647441213e-13
1.873697360703542e-13
1.838768146619908e-13
1.799998741864718e-13
1.75759534281786e-13
1.711779330196551e-13
1.662785981827574e-13
1.610863173232917e-13
1.556270008695296e-13
1.499275464404583e-13
1.44015699523224e-13
1.379198993739205e-13
1.316691449638591e-13
1.252928392505662e-13
1.188206499754295e-13
1.122823588736028e-13
1.057077157882257e-13
9.912630152676239e-14
9.256737893297044e-14
8.605976366972574e-14
7.963168348249696e-14
7.331065533886447e-14
6.712335950517751e-14
6.109551684393397e-14
5.525178198115823e-14
4.961563319537676e-14
4.420927694731342e-14
3.905355293946873e-14
3.416785126248817e-14
2.957003534480455e-14
2.527637770447736e-14
2.130149615845491e-14
1.765830512933472e-14
1.435797413895767e-14
1.140989518281597e-14
8.821656454753022e-15
6.599032368333812e-15
4.745973642534482e-15
3.264610661291603e-15
2.155266435565556e-15
1.416476408094544e-15
1.045016943355046e-15
1.035942631159405e-15
1.382630641889189e-15
2.076833560240672e-15
3.108737967150483e-15
4.467032070098535e-15
6.138977806801488e-15
8.110489831520081e-15
1.036622016886725e-14
1.288964624487371e-14
1.566316830061104e-14
1.866820439142803e-14
2.188529357096266e-14
2.529420115113442e-14
2.887402421178574e-14
3.260330394348222e-14
3.646013288802781e-14
4.042226820397961e-14
4.446724191411575e-14
4.857247585124001e-14
5.271538975106058e-14
5.687350967800874e-14
6.102457634078546e-14
6.5146651899223e-14
6.921822050654517e-14
7.321828699517668e-14
7.712647408810481e-14
8.092310912268482e-14
8.458931876323013e-14
8.810710099553217e-14
9.145940830223247e-14
9.463021527607958e-14
9.760458564488297e-14
1.003687290826289e-13
1.029100539305173e-13
1.052172147132865e-13
1.072801521924148e-13
1.090901233128884e-13
1.106397279766364e-13
1.119229300595162e-13
1.129350675950116e-13
1.136728583660558e-13
1.141344014427298e-13
1.143191646135202e-13
1.142279710514864e-13
1.138629816485896e-13
1.132276645812302e-13
1.123267619150849e-13
1.111662511283134e-13
1.097533026231425e-13
1.080962286231176e-13
1.062044275736218e-13
1.040883272761688e-13
1.017593206495166e-13
9.922969544506296e-14
9.651257083827527e-14
9.362181514328646e-14
9.057197565343713e-14
8.737819633444185e-14
8.405613978867393e-14
8.062190324860239e-14
7.709193459386362e-14
7.348295196584456e-14
6.981185677821262e-14
6.609564848376021e-14
6.235134476473763e-14
5.85958983396593e-14
5.484611273088438e-14
5.111856370080635e-14
4.742952814942512e-14
4.379490085254565e-14
4.02301274633311e-14
3.675013516152598e-14
3.336926504289597e-14
3.010120986570716e-14
2.6958960217797e-14
2.395474572443773e-14
2.109998927292053e-14
1.840525806466073e-14
1.588022755195388e-14
1.353364333192679e-14
1.137329014707401e-14
9.405968309979242e-15
7.637470547586443e-15
6.072569420944722e-15
4.715005750241202e-15
3.567483994909934e-15
2.631669640896116e-15
1.908196763210592e-15
1.396676719517508e-15
1.09571337041017e-15
1.002921498387209e-15
1.114950716570147e-15
1.427513414715257e-15
1.935416902600046e-15
2.632599861601905e-15
3.512170846989808e-15
4.566453781300388e-15
5.787032662444753e-15
7.164800720797776e-15
8.690014164290817e-15
1.035234506178049e-14
1.214093872606766e-14
1.404447205158817e-14
1.605121439820541e-14
1.814908726109022e-14
2.032572529527882e-14
2.256854401140577e-14
2.486479725436841e-14
2.720164361623662e-14
2.956620622329881e-14
3.194564013031895e-14
3.432718778097236e-14
3.669824184557551e-14
3.904640444596518e-14
4.135954380905869e-14
4.362584844526976e-14
4.583388247535643e-14
4.797263295798808e-14
5.003155953556755e-14
5.200063903934517e-14
5.387040945630732e-14
5.56320040212336e-14
5.727719348945349e-14
5.879841187264079e-14
6.01887883182291e-14
6.144217349858736e-14
6.255315367884922e-14
6.351707690340257e-14
6.433005999525116e-14
6.498900194807854e-14
6.549158561345829e-14
6.583628316522557e-14
6.602235386321479e-14
6.604983378917682e-14
6.591953240044725e-14
6.563301596711458e-14
6.519259146051186e-14
6.460128624346021e-14
6.386282908851269e-14
6.298161642738083e-14
6.196268912208296e-14
6.081169800860522e-14
5.953487249511339e-14
5.813897871386979e-14
5.663128472027337e-14
5.501951759046713e-14
5.331182358638831e-14
5.151671910393455e-14
4.964304752157446e-14
4.769993632853283e-14
4.569674283554846e-14
4.364301226436801e-14
4.154842517623951e-14
3.942275163533273e-14
3.727580410215559e-14
3.511738447811165e-14
3.2957241769415e-14
3.080502460781045e-14
2.867023133886211e-14
2.656217096535055e-14
2.448991829046499e-14
2.246227221547303e-14
2.048771661165313e-14
1.857438191373894e-14
1.673001227777196e-14
1.496193001584203e-14
1.32770050364384e-14
1.168162804275813e-14
1.018168407359849e-14
8.782530134219198e-15
7.48897554257969e-15
6.305264619095253e-15
5.23506332357703e-15
4.281446811679193e-15
3.44689379452725e-15
2.73327869352923e-15
2.141872318881433e-15
1.673341679579064e-15
1.327753469070571e-15
1.10458199598306e-15
1.002718199154645e-15
1.020481976174873e-15
1.155637566922078e-15
1.40541081515522e-15
1.766509434573672e-15
2.235144449406138e-15
2.807055775283855e-15
3.477537364873821e-15
4.241466969947392e-15
5.093334089995623e-15
6.027272813272641e-15
7.037094825317347e-15
8.116321632351036e-15
9.258220778915808e-15
1.04558415323778e-14
1.170205115706704e-14
1.298956978318738e-14
1.431101270445631e-14
1.565892058239861e-14
1.702580079555245e-14
1.840416460379195e-14
1.978655993318644e-14
2.116561086877823e-14
2.253404980651696e-14
2.388475170177322e-14
2.521076821042296e-14
2.650535968030849e-14
2.776202191805247e-14
2.89745173645854e-14
3.013690329798863e-14
3.124355401965591e-14
3.228918660748394e-14
3.326888072040554e-14
3.417810020797973e-14
3.501270888652802e-14
3.576898375933699e-14
3.644363122621678e-14
3.703379847473565e-14
3.753707817027698e-14
3.795151793333679e-14
3.827561939959182e-14
3.850834902127099e-14
3.864912579297772e-14
3.869782580621193e-14
3.865477763424512e-14
3.852075131646435e-14
3.829695049675244e-14
3.798500210296583e-14
3.758694351415574e-14
3.710520523400898e-14
3.654259612434202e-14
3.590228551753789e-14
3.518778211159228e-14
3.44029125384125e-14
3.355180150699511e-14
3.263884497750144e-14
3.166868761434341e-14
3.064619779040415e-14
2.957643776256202e-14
2.846464211344049e-14
2.731618625144916e-14
2.613656018968786e-14
2.493134271569522e-14
2.3706171185104e-14
2.246671181144929e-14
2.121863620190898e-14
1.996759260047971e-14
1.871917731103168e-14
1.74789122925945e-14
1.625221482907714e-14
1.504437551073359e-14
1.386053400142589e-14
1.270565547603085e-14
1.158450950798749e-14
1.050164964847263e-14
9.461393843414275e-15
8.467806434194859e-15
7.524681931440097e-15
6.63552891859541e-15
5.803557185057903e-15
5.031666954121516e-15
4.322436676964978e-15
3.678115433159137e-15
3.100616773252293e-15
2.591510646554549e-15
2.152023348782054e-15
1.783031707575249e-15
1.485067300029735e-15
1.258314121564401e-15
1.102613504594146e-15
1.017468906634038e-15
1.002051596251745e-15
1.055208708042865e-15
1.175472518585988e-15
1.361071283905758e-15
1.609940940849789e-15
1.919739040381234e-15
2.287858504480663e-15
2.71144330140643e-15
3.187406066949146e-15
3.712444231094487e-15
4.283060002627426e-15
4.895577611849239e-15
5.54616431727531e-15
6.230850822783925e-15
6.945551715903124e-15
7.68608594746179e-15
8.44819906466426e-15
9.227583141956962e-15
1.001990002936379e-14
1.08208007667887e-14
1.162594842785742e-14
1.243103776943026e-14
1.323181531256766e-14
1.402410054933066e-14
1.480380477880356e-14
1.556694790631856e-14
1.630967966014613e-14
1.702829442364059e-14
1.771924850334505e-14
1.837917377949206e-14
1.900489409782077e-14
1.959343698759269e-14
2.014204635281912e-14
2.064819289252815e-14
2.110958287770362e-14
2.152416944102446e-14
2.189015564903737e-14
2.220600413754073e-14
2.24704406140597e-14
2.268245381519512e-14
2.284130290200849e-14
2.294651284971592e-14
2.299787820729802e-14
2.299545797107174e-14
2.29395729465084e-14
2.283080253371521e-14
2.266997850002723e-14
2.245817735108054e-14
2.21967118279937e-14
2.188712400745748e-14
2.153117361078871e-14
2.113082812308623e-14
2.068824920249521e-14
2.020578089039128e-14
1.968593619900008e-14
1.913138305306598e-14
1.854492805317861e-14
1.792950359098684e-14
1.72881490453727e-14
1.662399767222817e-14
1.594025780902974e-14
1.524019694407242e-14
1.452712676277177e-14
1.38043831528575e-14
1.307531193544701e-14
1.234325107117297e-14
1.161151528175734e-14
1.088338000923778e-14
1.016206573555784e-14
9.450722121919528e-15
8.752414630974969e-15
8.070108902536257e-15
7.406659161699111e-15
6.764795622226962e-15
6.147110867106926e-15
5.556051246804503e-15
4.993904924248788e-15
4.462793552847207e-15
3.964664284556225e-15
3.501281322845336e-15
3.074220976483549e-15
2.68486606501398e-15
2.334400766120534e-15
2.02380789917337e-15
1.753867838015589e-15
1.525155512789034e-15
1.338040448358891e-15
1.192688963762964e-15
1.089064070447509e-15
1.026929234232288e-15
1.00585157819047e-15
1.025206316617713e-15
1.084182137482028e-15
1.181787182312386e-15
1.316856096298637e-15
1.488057605473713e-15
1.693902921022092e-15
1.932754535519781e-15
2.202836011877829e-15
2.502241835111152e-15
2.828948561628591e-15
3.18082614455382e-15
3.55564763464897e-15
3.951104556150665e-15
4.364815343516504e-15
4.794340178888129e-15
5.23719225403906e-15
5.6908515354732e-15
6.152776768358418e-15
6.620417282927311e-15
7.091228699642894e-15
7.562681574117148e-15
8.032275173203934e-15
8.497549736014385e-15
8.95609821852736e-15
9.405576755622831e-15
9.843715130852141e-15
1.026832753425397e-14
1.067732236462773e-14
1.106871071021234e-14
1.144061417018977e-14
1.179127299579353e-14
1.211905387137037e-14
1.242245425467941e-14
1.270011014400114e-14
1.29507973345915e-14
1.317343999061244e-14
1.336710923294736e-14
1.353102850533891e-14
1.366457323695761e-14
1.376727371318648e-14
1.383881340972863e-14
1.387902838952287e-14
1.388790906308036e-14
1.386559403711035e-14
1.381237062838084e-14
1.372866936101481e-14
1.36150630688254e-14
1.347226175336765e-14
1.330110409649104e-14
1.310255883666304e-14
1.287771255319098e-14
1.262776784396208e-14
1.235403413426548e-14
1.205792162495494e-14
1.174093401178261e-14
1.140465819410078e-14
1.105076041737651e-14
1.068097484041271e-14
1.029709509619785e-14
9.900965185366669e-15
9.494470707974466e-15
9.079528269609548e-15
8.658078199480754e-15
8.232073113467038e-15
7.803467797973517e-15
7.374211649481043e-15
6.94623659398797e-15
6.521449634694906e-15
6.101722540958298e-15
5.688882146707089e-15
5.284702593316626e-15
4.890896590827244e-15
4.509107288867331e-15
4.140900869312575e-15
3.787759345307469e-15
3.451073877445468e-15
3.132138843410387e-15
2.832146759074014e-15
2.552184866470976e-15
2.293228181714919e-15
2.056138812478781e-15
1.841662917248689e-15
1.650428491481659e-15
1.482943795867354e-15
1.339597502710423e-15
1.220658113816552e-15
1.126275274335377e-15
1.056480318095029e-15
1.011188322520269e-15
9.902002440636228e-16
9.93205662566288e-16
1.019785872666729e-15
1.069417425714813e-15
1.141476239509042e-15
1.235242113262271e-15
1.349903323606694e-15
1.484562559501639e-15
1.638242261315272e-15
1.809891442725178e-15
1.998392828594726e-15
2.202570679139579e-15
2.421199361187255e-15
2.653013649525511e-15
2.896718728889172e-15
3.151003023052199e-15
3.414551726389231e-15
3.68606266170814e-15
3.964264351854675e-15
4.247938202472025e-15
4.535942343346278e-15
4.827241884300237e-15
5.120943111144136e-15
5.416337007405259e-15
5.712947604809394e-15
6.010593510379438e-15
6.309459450560265e-15
6.610182294206282e-15
6.913952584256594e-15
7.222634096860749e-15
7.53890257362895e-15
7.866403781590966e-15
8.209937018463461e-15
8.575655227481501e-15
8.971285462267239e-15
9.40636526665603e-15
9.892490475286334e-15
1.044356076630626e-14
1.107601930745017e-14
1.18090663408339e-14
1.266482927902139e-14
1.366847054480681e-14
1.484820581920572e-14
1.623520144081091e-14
1.786332686842506e-14
1.976872360404324e-14
2.198916086193377e-14
2.456314755919844e-14
2.752877304031686e-14
3.092226025518896e-14
3.477621534505581e-14
3.911758468757917e-14
4.396533210487477e-14
4.93278784929725e-14
5.52003655719038e-14
6.156183034139331e-14
6.837240204308979e-14
7.557066241933643e-14
8.307134043273518e-14
9.076352434666607e-14
9.850960925540999e-14
1.06145197836014e-13
1.134801846261873e-13
1.203012438618441e-13
1.263759240557485e-13
1.314585150428532e-13
1.352978091566319e-13
1.376468067834915e-13
1.382743395473317e-13
1.36978481298575e-13
1.3360151511498e-13
1.280460923871233e-13
1.2029210628185e-13
1.104136656374389e-13
9.859544175933823e-14
8.514754872724091e-14
7.051803501694608e-14
5.530200754610867e-14
4.024638656705113e-14
2.624931406078113e-14
1.435331890121823e-14
5.731463807104414e-15
1.665889972690371e-15
3.518422045799683e-15
1.269319211163237e-14
3.059159154488747e-14
5.856024910593558e-14
9.7833144018711e-14
1.494693952421832e-13
2.142886805124776e-13
2.928066260134469e-13
3.851728581856657e-13
4.91114656106819e-13
6.098893280723688e-13
7.402484712894929e-13
8.804172008369944e-13
1.028091201091005e-12
1.180454042063294e-12
1.334216688059096e-12
1.485680392329847e-12
1.630823334328581e-12
1.765410415061078e-12
1.885124534540297e-12
1.985716608675284e-12
2.063170437217489e-12
2.113877491825942e-12
2.134815687887326e-12
2.123725382482629e-12
2.079275213177357e-12
2.00121001493742e-12
1.890472954977842e-12
1.749294270435416e-12
1.581239597281224e-12
1.391211828895619e-12
1.185401739974504e-12
9.711842986409249e-13
7.569594547893181e-13
5.519384431703481e-13
3.658789168707942e-13
2.087746701023122e-13
9.050809571041114e-14
2.047580023819192e-14
7.199805083916209e-15
5.793848126376554e-14
1.783125886428608e-13
3.719624981774575e-13
6.402527639799698e-13
9.820396368218883e-13
1.393515829036948e-12
1.868144871168076e-12
2.39669472884665e-12
2.967377120001136e-12
3.566095165558423e-12
4.17679784363252e-12
4.781935248887013e-12
5.363004229953723e-12
5.901169402712821e-12
6.377940629296123e-12
6.775884250812222e-12
7.079342468627921e-12
7.27513321164665e-12
7.353201675400192e-12
7.307194699385427e-12
7.134930428449214e-12
6.838737995413687e-12
6.425645627154905e-12
5.907400273663429e-12
5.300307515292912e-12
4.624887043281336e-12
3.905346148191017e-12
3.168881015811869e-12
2.444823184446987e-12
1.763655672743814e-12
1.155929979993756e-12
6.511208585260182e-13
2.764603374252176e-13
5.579561958136387e-14
8.51692829033872e-15
1.486010856021805e-13
4.838143938072032e-13
1.015114309094404e-12
1.736283479674024e-12
2.633822132489934e-12
3.68711575878995e-12
4.868884884624968e-12
6.145912721854939e-12
7.480035222847608e-12
8.829366777636878e-12
1.014972411905412e-11
1.139620138226783e-11
1.252484097703158e-11
1.349433874502566e-11
1.426771764544551e-11
1.481390271290335e-11
1.510913102191308e-11
1.513813426376681e-11
1.489503803648123e-11
1.438393096025386e-11
1.361906817778562e-11
1.262468697184779e-11
1.143442697471282e-11
1.009036305088181e-11
8.641674763210849e-12
7.142991902984677e-12
5.652470032488702e-12
4.229662836123963e-12
2.933268697724037e-12
1.818836724510392e-12
9.365220867634136e-13
3.289816862293387e-13
2.94985707151644e-14
6.041725865355453e-14
4.319622821318904e-13
1.141499099331983e-12
2.173280575709936e-12
3.498703973396036e-12
5.077083545881585e-12
6.856923117432388e-12
8.777652314790661e-12
1.077177020843656e-11
1.276732194150331e-11
1.469061823922546e-11
1.646909522522434e-11
1.803420338903361e-11
1.932421022468736e-11
2.028680146396726e-11
2.088137092509447e-11
2.108089867855601e-11
2.087333154392065e-11
2.026239768174386e-11
1.926780852078799e-11
1.792482491299268e-11
1.628318980241175e-11
1.440545565058717e-11
1.236476028282996e-11
1.024212866710248e-11
8.123399322913151e-12
6.095891728587484e-12
4.244944340996239e-12
2.650461038084065e-12
1.383606479819724e-12
5.03787753604191e-13
5.605080849520381e-14
6.900593245262702e-14
5.533773909489285e-13
1.501248907063525e-12
2.88604950202699e-12
4.663294468810595e-12
6.772065347615984e-12
9.137182061623019e-12
1.167199110203229e-11
1.428166690636226e-11
1.686690061096151e-11
1.932783210054961e-11
2.156806868613957e-11
2.349862741406437e-11
2.50416383072057e-11
2.613365296300165e-11
2.672841652925762e-11
2.67989811326673e-11
2.633906380687629e-11
2.536358188687992e-11
2.390833151467328e-11
2.202880989105425e-11
1.979821731464827e-11
1.730470955972727e-11
1.46480031727729e-11
1.193546451608475e-11
9.277836602492794e-12
6.784774825975635e-12
4.560372898624886e-12
2.698863002316539e-12
1.280669444170587e-12
3.689832634252934e-13
7.006381731520407e-15
2.159873144068131e-13
9.941371685859083e-13
2.316478969007049e-12
4.135646979689677e-12
6.383614281276169e-12
8.974287490712821e-12
1.180687023012225e-11
1.476986376714001e-11
1.774554541630301e-11
2.061474386692609e-11
2.326171643430276e-11
2.557892708135606e-11
2.747152609550134e-11
2.886134249590023e-11
2.969021871830922e-11
2.9922544006593e-11
2.954687706480263e-11
2.857658441360502e-11
2.704945871138657e-11
2.502632327818321e-11
2.258867307046351e-11
1.983544373213042e-11
1.687903729003072e-11
1.384076479450755e-11
1.084589162525581e-11
8.018489016875171e-12
5.476304875558143e-12
3.325867826228449e-12
1.658030867952186e-12
5.441447465748042e-13
3.302263417374904e-14
1.488186906704183e-13
8.899127424560108e-13
2.228864679794304e-12
4.1134483219321e-12
6.468720294130559e-12
9.200039792626572e-12
1.219691799671846e-11
1.533754062657537e-11
1.849377773923189e-11
2.153647342502849e-11
2.434079541944023e-11
2.679142130278419e-11
2.878734409673593e-11
3.024609524435945e-11
3.110720601245431e-11
3.133475869518492e-11
3.091892009042751e-11
2.98763935429295e-11
2.824976603117692e-11
2.610577349633309e-11
2.35325556160322e-11
2.063601362699694e-11
1.753542234782917e-11
1.43584790996378e-11
1.123599633834854e-11
8.296460167542035e-12
5.660682999107743e-12
3.436774878024322e-12
1.715642927219534e-12
5.672000005765752e-13
3.744212791698096e-14
1.465574772105897e-13
8.881337801142942e-13
2.229443218852774e-12
4.112819405159835e-12
6.458088549373236e-12
9.165946143010741e-12
1.212213247663719e-11
1.520223015692506e-11
1.827688147218083e-11
2.121720595974392e-11
2.390019026899052e-11
2.621382401462451e-11
2.806176670375216e-11
2.936735043050934e-11
3.007674381357577e-11
3.016113127325666e-11
2.961784211150804e-11
2.847041167167666e-11
2.676753745267944e-11
2.458096588255169e-11
2.200241338291231e-11
1.913965752928665e-11
1.611196503882845e-11
1.304505073378794e-11
1.006578111454173e-11
7.296846396978453e-12
4.851625253600906e-12
2.829456941609989e-12
1.311518625419208e-12
3.574958465163924e-13
3.209800210516895e-15
2.592124963983031e-13
1.110381858509435e-12
2.516672285374054e-12
4.414934843381639e-12
6.721683595166562e-12
9.336699953243716e-12
1.214732519598935e-11
1.503325743614223e-11
1.787164788297268e-11
2.05422794238703e-11
2.293260814673308e-11
2.494245542038285e-11
2.648815447870214e-11
2.750598024364009e-11
2.795471754370168e-11
2.781725360442859e-11
2.710115119353253e-11
2.583818974794072e-11
2.408287968135568e-11
2.191002290844012e-11
1.941143227185178e-11
1.669195371140955e-11
1.386496356359952e-11
1.104753484785222e-11
8.355479429650874e-12
5.898477093746594e-12
3.775497885328362e-12
2.070709839173065e-12
8.500353941916638e-13
1.58477552439669e-13
1.836365052967173e-14
4.286374709815916e-13
1.365098641012543e-12
2.781572233581981e-12
4.612020388569023e-12
6.773490632591847e-12
9.169757974592435e-12
1.169549922697197e-11
1.424081864448064e-11
1.669593045429799e-11
1.895579858182687e-11
2.092453733001558e-11
2.251938870425242e-11
2.367411119316646e-11
2.43416371367913e-11
2.449588245622099e-11
2.413264856745675e-11
2.326961096248631e-11
2.194538698402241e-11
2.021771283221977e-11
1.816082133664766e-11
1.586214405765444e-11
1.341848457558869e-11
1.093183012642693e-11
8.504982635223837e-12
6.237196306896296e-12
4.220006877352631e-12
2.533427846888078e-12
1.242673449873944e-12
3.955494031231946e-13
2.061964229042601e-14
1.261922676275109e-13
7.001478777639946e-13
1.710654067876088e-12
3.107729445717227e-12
4.825559424810026e-12
6.785455474574178e-12
8.899328802596328e-12
1.107352674776592e-11
1.321286508586593e-11
1.522468253824029e-11
1.702274458739708e-11
1.853083203529526e-11
1.968586494119698e-11
2.044043378686446e-11
2.076463555929274e-11
2.064714377730077e-11
2.009547757144237e-11
1.913546801844934e-11
1.780995111647709e-11
1.617675155468312e-11
1.430605190049817e-11
1.227726658128927e-11
1.017555956519034e-11
8.088158299192558e-12
6.100623431760511e-12
4.293233839184318e-12
2.737639470767217e-12
1.493920659846184e-12
6.081730614740951e-13
1.107166010570098e-13
1.500503949268929e-14
3.172745584418263e-13
9.969244526176923e-13
2.017602220084655e-12
3.328945907460721e-12
4.868904092505328e-12
6.566526094617616e-12
8.345096295064215e-12
1.012547405825854e-11
1.182949400021699e-11
1.338328069988456e-11
1.472033745025374e-11
1.578427994818762e-11
1.65311023506431e-11
1.69308843751671e-11
1.696887407538868e-11
1.664591020855503e-11
1.597817631781475e-11
1.499630457622224e-11
1.374387451750251e-11
1.227537875173988e-11
1.06537502960051e-11
8.947563535132488e-12
7.228033017472904e-12
5.565941150431966e-12
4.028627109668917e-12
2.677164948524591e-12
1.563849226299568e-12
7.300918172775942e-13
2.04813970921714e-13
3.393688369950722e-15
1.272036032236657e-13
5.637521086491192e-13
1.287416385279626e-12
2.260727967352841e-12
3.436146192933444e-12
4.758235590545116e-12
6.166148159324405e-12
7.596300130252318e-12
8.985126011556982e-12
1.027179100817877e-11
1.14007464117621e-11
1.232402092252274e-11
1.300315376701116e-11
1.34106921647891e-11
1.353119553782329e-11
1.336171098307452e-11
1.291170766127555e-11
1.220248119590244e-11
1.126606148413285e-11
1.014367829604373e-11
8.883857130220426e-12
7.540232592707501e-12
6.169177283500032e-12
4.827350598416375e-12
3.569273633513601e-12
2.44503359361799e-12
1.498213931149595e-12
7.641353318418613e-13
2.684782643270093e-13
2.63405678616798e-14
4.176379512180805e-14
3.077405340776369e-13
8.06693866531526e-13
1.511400697851161e-12
2.38631272105578e-12
3.38921237914467e-12
4.47312750705505e-12
5.588418296846295e-12
6.684944230227823e-12
7.714216692522844e-12
8.631445184956608e-12
9.397391096666053e-12
9.979952692007812e-12
1.035541775478268e-11
1.050933578614743e-11
1.043697883893449e-11
1.014337830712318e-11
9.642943245679989e-12
8.958683524817367e-12
8.121077659588098e-12
7.166639862683825e-12
6.13625292256616e-12
5.073342501667485e-12
4.021973942481238e-12
3.024954621875801e-12
2.122023249013076e-12
1.34820232287235e-12
7.323816632847028e-13
2.961897053325776e-13
5.31958284005345e-14
8.472018257825628e-15
1.585264380971775e-13
4.916054632308336e-13
9.883449489458571e-13
1.62273660786577e-12
2.363362287608291e-12
3.174838261147054e-12
