1.570751901880385e-07
4.711431804693689e-07
7.849522054570457e-07
1.098330089988053e-06
1.411104579851497e-06
1.723103761008815e-06
2.034156273644783e-06
2.344091393879921e-06
2.652739119923808e-06
2.95993031595998e-06
3.265496705928683e-06
3.569271195047463e-06
3.871087853823951e-06
4.170782069046197e-06
4.46819049226832e-06
4.763151435049906e-06
5.055504731288352e-06
5.345091916630906e-06
5.631756391899501e-06
5.915343439077958e-06
6.195700402500393e-06
6.472676672863997e-06
6.746124003420562e-06
7.015896347439821e-06
7.281850036733317e-06
7.543843960178265e-06
7.801739572599331e-06
8.055401042206256e-06
8.304695314542698e-06
8.54949220485679e-06
8.789664376784856e-06
9.025087587488656e-06
9.255640669891818e-06
9.481205555772476e-06
9.7016675626449e-06
9.916915320928865e-06
1.012684071710623e-05
1.033133923034057e-05
1.05303097539533e-05
1.07236548334555e-05
1.091128069585778e-05
1.109309718838603e-05
1.126901801562497e-05
1.1438960559218e-05
1.160284615586704e-05
1.176059998897472e-05
1.191215125739831e-05
1.205743310972451e-05
1.219638268423751e-05
1.232894121727668e-05
1.245505404945391e-05
1.257467066118068e-05
1.268774460605471e-05
1.279423370892374e-05
1.289409995131052e-05
1.298730954779614e-05
1.307383290161113e-05
1.31536446712488e-05
1.322672373227363e-05
1.329305324659913e-05
1.335262067847509e-05
1.340541764971448e-05
1.345144015285626e-05
1.349068835665435e-05
1.352316660518937e-05
1.354888352445016e-05
1.356785204453814e-05
1.358008914653652e-05
1.358561611741749e-05
1.358445825072607e-05
1.357664510504009e-05
1.356221022241755e-05
1.354119126428799e-05
1.351362988888383e-05
1.347957173170045e-05
1.3439066479215e-05
1.33921675855575e-05
1.333893245902829e-05
1.327942227025147e-05
1.321370196016858e-05
1.314184020184683e-05
1.306390929833867e-05
1.297998519156351e-05
1.289014728644844e-05
1.279447851842974e-05
1.269306512963198e-05
1.258599683851003e-05
1.247336656629017e-05
1.23552703854557e-05
1.223180754195141e-05
1.210308031573959e-05
1.1969193946193e-05
1.183025659123871e-05
1.168637926252103e-05
1.153767546036022e-05
1.138426158231454e-05
1.122625647109743e-05
1.106378150073084e-05
1.089696031719711e-05
1.072591886597252e-05
1.055078533340748e-05
1.037168993622828e-05
1.018876498726229e-05
1.000214459523363e-05
9.811964752692859e-06
9.618363134400454e-06
9.421479011173517e-06
9.221453184160566e-06
9.018427805429496e-06
8.812546435699176e-06
8.603953728147928e-06
8.392795541212195e-06
8.179218664139398e-06
7.963370773467204e-06
7.745400369962852e-06
7.525456546808584e-06
7.303689157467375e-06
7.080248431101666e-06
6.85528481625397e-06
6.628949312137422e-06
6.401392907307013e-06
6.172766685352826e-06
5.943221658810671e-06
5.712908755839408e-06
5.481978537780208e-06
5.250581346594174e-06
5.018866940709188e-06
4.786984654892024e-06
4.55508304053609e-06
4.323309978460088e-06
4.091812374262815e-06
3.86073627289818e-06
3.630226677486803e-06
3.400427453392751e-06
3.171481147035138e-06
2.943528975229981e-06
2.716710768346786e-06
2.491164806883717e-06
2.267027809033095e-06
2.044434761927505e-06
1.823518799959345e-06
1.604411340672129e-06
1.387241729489119e-06
1.172137308991239e-06
9.592233460864463e-07
7.486229121056454e-07
5.404567176015007e-07
3.348431620864289e-07
1.318983313680633e-07
6.826431242501485e-08
2.655337363322019e-07
4.598015230783403e-07
6.509620744665767e-07
8.389124364072131e-07
1.023552494316959e-06
1.204784925157298e-06
1.382515360859315e-06
1.556652475365183e-06
1.727107901139391e-06
1.893796317098406e-06
2.05663554275759e-06
2.215546469841456e-06
2.370453309197273e-06
2.521283478884584e-06
2.667967565983531e-06
2.810439606371062e-06
2.948636902644353e-06
3.082500095175078e-06
3.211973183425698e-06
3.337003683157036e-06
3.457542460338914e-06
3.573543859936024e-06
3.684965680150754e-06
3.79176916531776e-06
3.893919090280917e-06
3.991383678680904e-06
4.084134667792227e-06
4.172147325398612e-06
4.255400379626906e-06
4.333876113982171e-06
4.407560235897279e-06
4.476441917589113e-06
4.540513899975451e-06
4.599772298163884e-06
4.654216680499701e-06
4.703850130738374e-06
4.748678988697463e-06
4.788713071413042e-06
4.82396560386178e-06
4.854453036884365e-06
4.880195163536882e-06
4.901215068464637e-06
4.917539000892646e-06
4.929196411929126e-06
4.936220077134124e-06
4.938645712826428e-06
4.93651209954038e-06
4.929861162850102e-06
4.918737768200288e-06
4.903189711136235e-06
4.883267600952479e-06
4.85902498681412e-06
4.830518143705831e-06
4.797806054668285e-06
4.760950344184778e-06
4.720015328807392e-06
4.675067760473439e-06
4.626176917099656e-06
4.573414496888972e-06
4.516854423819439e-06
4.456573103439609e-06
4.39264902052372e-06
4.325162833218599e-06
4.25419718563802e-06
4.17983684553036e-06
4.102168380093474e-06
4.021280307853203e-06
3.937262808229036e-06
3.850207834332764e-06
3.760208914904695e-06
3.667361167636329e-06
3.57176109222479e-06
3.473506573925533e-06
3.372696858683355e-06
3.269432337305034e-06
3.163814611184534e-06
3.055946192098702e-06
2.945930696718335e-06
2.83387254729206e-06
2.719877042700602e-06
2.604050135524005e-06
2.48649846490423e-06
2.367329127395124e-06
2.246649841275428e-06
2.124568573513841e-06
2.001193677436675e-06
1.876633637820646e-06
1.750997212113248e-06
1.624393096477661e-06
1.496930011057884e-06
1.368716524119407e-06
1.239861039614709e-06
1.110471801624158e-06
9.806564973402487e-07
8.505225705945918e-07
7.201768266185127e-07
5.897255919151689e-07
4.592744176079577e-07
3.289282517471293e-07
1.987911257828046e-07
6.896625848185067e-08
6.044412703687385e-08
1.893388574814026e-07
3.176177765240595e-07
4.451819783923838e-07
5.719337980991668e-07
6.977767679217095e-07
8.226158776380998e-07
9.46357539888254e-07
1.06890967810358e-06
1.190181685650771e-06
1.310084617678342e-06
1.428531236413733e-06
1.545436018268731e-06
1.660715190254791e-06
1.774286815248161e-06
1.886070851497834e-06
1.995989318714919e-06
2.103965994315615e-06
2.209926879714885e-06
2.313799929432037e-06
2.415515272247148e-06
2.515005196102038e-06
2.612204177410149e-06
2.707048938788148e-06
2.799478469484029e-06
2.889434087549603e-06
2.976859339476334e-06
3.061700257767086e-06
3.143905204616715e-06
3.223424998921587e-06
3.300212837231697e-06
3.374224430530148e-06
3.445417989134114e-06
3.513754087691723e-06
3.579195938741009e-06
3.641709243495939e-06
3.701262193622767e-06
3.757825576933271e-06
3.811372758733e-06
3.861879487310205e-06
3.909324242101775e-06
3.953687968127895e-06
3.994954163033526e-06
4.033108943701791e-06
4.068140998292336e-06
4.100041418375611e-06
4.128803911207513e-06
4.154424676272583e-06
4.176902485220069e-06
4.196238445608458e-06
4.212436227390981e-06
4.225502070909215e-06
4.235444509781416e-06
4.242274538768243e-06
4.246005492980487e-06
4.246653123374244e-06
4.244235546124742e-06
4.238773181342026e-06
4.230288712214758e-06
4.218807048594897e-06
4.204355318115915e-06
4.186962878627298e-06
4.166661232929414e-06
4.143483988805485e-06
4.11746672401847e-06
4.088647149735891e-06
4.057064915130582e-06
4.022761722843882e-06
3.985780996806909e-06
3.946168189550292e-06
3.903970362095777e-06
3.859236482384176e-06
3.812017188131733e-06
3.762364753967518e-06
3.710333085216178e-06
3.655977677929911e-06
3.599355424377393e-06
3.540524761369568e-06
3.479545378937132e-06
3.416478453033278e-06
3.351386387961952e-06
3.284332775521648e-06
3.215382453625182e-06
3.144601273596948e-06
3.072056103725629e-06
2.997814927852005e-06
2.92194657003364e-06
2.844520700762132e-06
2.765607932886383e-06
2.685279443248589e-06
2.603607177853462e-06
2.520663753280417e-06
2.436522306581423e-06
2.351256419785841e-06
2.264940232699075e-06
2.177648183554481e-06
2.089455016118791e-06
2.000435738835904e-06
1.91066558041797e-06
1.820219890369401e-06
1.729174078590745e-06
1.63760360383236e-06
1.545583852902155e-06
1.453190083822165e-06
1.360497471125655e-06
1.267580881147978e-06
1.174514919988212e-06
1.081373815381426e-06
9.882315001874531e-07
8.951613557073301e-07
8.022363005011357e-07
7.095287370972869e-07
6.17110297973511e-07
5.250521013522302e-07
4.334245113923885e-07
3.422970724642482e-07
2.517384736222539e-07
1.618166010075583e-07
7.259842149665019e-08
1.58526169968809e-08
1.034666388122218e-07
1.901822059835467e-07
2.759364967630518e-07
3.60667990584318e-07
4.443161749634328e-07
5.268218643550426e-07
6.081272090341372e-07
6.881755325593986e-07
7.669116151021171e-07
8.442815273568272e-07
9.202328303814511e-07
9.947145303002003e-07
1.067677107613463e-06
1.139072583811185e-06
1.208854489398448e-06
1.276977930508849e-06
1.343399598674466e-06
1.408077868525481e-06
1.470972678774274e-06
1.532045764918166e-06
1.591260364364189e-06
1.648581567259555e-06
1.703976161948617e-06
1.757412666947289e-06
1.808861331831224e-06
1.858294155887563e-06
1.905685006242663e-06
1.951009484635335e-06
1.99424499136569e-06
2.035370743058706e-06
2.07436782417858e-06
2.111219007616683e-06
2.145909056672224e-06
2.178424330701034e-06
2.208753230981131e-06
2.236885861428561e-06
2.262814155606918e-06
2.286531872286446e-06
2.308034575904117e-06
2.327319594819244e-06
2.344386065722404e-06
2.359234909654617e-06
2.371868843553671e-06
2.382292285219023e-06
2.390511490979463e-06
2.396534337201217e-06
2.400370391342221e-06
2.402031005210858e-06
2.40152919417369e-06
2.398879535014942e-06
2.394098345348539e-06
2.387203413611871e-06
2.378214228215825e-06
2.367151778592813e-06
2.354038641350087e-06
2.338898804410405e-06
2.321757808232405e-06
2.302642552187706e-06
2.281581473084771e-06
2.258604326677016e-06
2.233742224966306e-06
2.207027514522508e-06
2.178494011850773e-06
2.148176650784706e-06
2.116111542882493e-06
2.082336090225567e-06
2.046888776696676e-06
2.009809226599657e-06
1.971138088308066e-06
1.930917036041535e-06
1.889188720127777e-06
1.845996767890767e-06
1.801385733912753e-06
1.755400961478415e-06
1.708088753993309e-06
1.659496018824314e-06
1.609670496449667e-06
1.558660605915918e-06
1.506515467930569e-06
1.453284688146539e-06
1.399018569436805e-06
1.343767872974411e-06
1.287583879516774e-06
1.230518191341901e-06
1.172622952516633e-06
1.113950529152419e-06
1.054553678159209e-06
9.944853358589967e-07
9.337987165736195e-07
8.725471296600062e-07
8.107841020787987e-07
7.485631634551737e-07
6.859379588775028e-07
6.229620419517801e-07
5.596889502967883e-07
4.961721460361446e-07
4.324649296449934e-07
3.686204887998201e-07
3.04691746499941e-07
2.407313370866859e-07
1.767916826267424e-07
1.129247539921607e-07
4.918221652161492e-08
1.438468366643519e-08
7.772513832549066e-08
1.407889484994485e-07
2.035263113597807e-07
2.658880751127413e-07
3.278256590633077e-07
3.892911122349574e-07
4.502372323855752e-07
5.106174096880522e-07
5.703858825256702e-07
6.294975953835547e-07
6.879082770083755e-07
7.455745913986789e-07
8.024540134599079e-07
8.585049151577095e-07
9.136866685466316e-07
9.67959405961949e-07
1.021284401048206e-06
1.073623871583607e-06
1.124941115371314e-06
1.175200400993504e-06
1.224367045971064e-06
1.272407626373706e-06
1.319289638423982e-06
1.364981925711106e-06
1.409454252865316e-06
1.452677678592806e-06
1.494624439324355e-06
1.535267962538001e-06
1.574582887187148e-06
1.612545006857147e-06
1.649131485592648e-06
1.684320658057459e-06
1.718092171643093e-06
1.750426878999178e-06
1.781306932180371e-06
1.810715823502562e-06
1.83863827807329e-06
1.865060239580885e-06
1.889969084345466e-06
1.913353418814268e-06
1.935203171044009e-06
1.955509548068335e-06
1.974265084747628e-06
1.991463531858528e-06
2.007100090573033e-06
2.021171149557688e-06
2.03367433293522e-06
2.0446086459458e-06
2.053974301752248e-06
2.061772815586949e-06
2.068007018074525e-06
2.072680826969986e-06
2.075799485190544e-06
2.077369535946616e-06
2.077398558952837e-06
2.075895499942249e-06
2.072870366909285e-06
2.068334427285379e-06
2.062300038296883e-06
2.054780695814884e-06
2.045791009486209e-06
2.035346780004943e-06
2.023464746869763e-06
2.010162790888614e-06
1.995459770753882e-06
1.979375655380977e-06
1.961931341831757e-06
1.94314868373624e-06
1.923050555241446e-06
1.901660622749546e-06
1.879003636240384e-06
1.855105120185385e-06
1.829991325585922e-06
1.803689606560965e-06
1.776227888328208e-06
1.747634842175216e-06
1.717940074641433e-06
1.687173735831493e-06
1.655366716590834e-06
1.62255054370064e-06
1.588757400305951e-06
1.554020071736772e-06
1.518371809616781e-06
1.481846488182725e-06
1.444478464840415e-06
1.406302593487396e-06
1.367354132142395e-06
1.327668704753648e-06
1.287282449524696e-06
1.246231704499223e-06
1.204553287337262e-06
1.162284099187616e-06
1.119461462195659e-06
1.076122805088175e-06
1.032305793735588e-06
9.880482840785021e-07
9.433882421916451e-07
8.983637123094468e-07
8.530127812989008e-07
8.073736186275937e-07
7.614843466896559e-07
7.153830834383257e-07
6.691078580089993e-07
6.226966391409405e-07
5.761873262954964e-07
5.296175666913427e-07
4.830249134002429e-07
4.364466432704717e-07
3.899197986712011e-07
3.434812194669234e-07
2.971674284424353e-07
2.510146019929493e-07
2.050585523605264e-07
1.593347587203198e-07
1.138783041199076e-07
6.872371827171264e-08
2.390529729723312e-08
2.055674475087699e-08
6.460232704341706e-08
1.082122071949243e-07
1.513542802200618e-07
1.939970371012123e-07
2.361095026159887e-07
2.776613454713583e-07
3.186228658691448e-07
3.589650150459534e-07
3.986593997140631e-07
4.376783744319823e-07
4.759949643329264e-07
5.1358295927173e-07
5.504168631986772e-07
5.864719767600945e-07
6.217243360140401e-07
6.561508207880706e-07
6.89729051650545e-07
7.224375204728517e-07
7.542555007233886e-07
7.851632073396786e-07
8.15141627086291e-07
8.441726544461403e-07
8.722390045790007e-07
8.993243216792735e-07
9.254131496660989e-07
9.50490871787224e-07
9.745439157882174e-07
9.975593879829603e-07
1.019525543988209e-06
1.040431391707841e-06
1.060266926700137e-06
1.079023072669827e-06
1.096691648605486e-06
1.113265474472769e-06
1.128738220224079e-06
1.143104512379978e-06
1.156359913601079e-06
1.168500869397349e-06
1.17952476408334e-06
1.1894298959092e-06
1.198215530351376e-06
1.205881778432172e-06
1.21242962691781e-06
1.217861074209736e-06
1.222178924287221e-06
1.225386845327137e-06
1.22748943720552e-06
1.228492113369839e-06
1.22840118166323e-06
1.227223767052976e-06
1.2249678036369e-06
1.221642148330204e-06
1.217256329510974e-06
1.211820799262853e-06
1.205346686461439e-06
1.197845972633615e-06
1.189331324091825e-06
1.179816180751914e-06
1.169314776561237e-06
1.157841949428473e-06
1.14541323537054e-06
1.132044901375195e-06
1.117753872570404e-06
1.102557692256312e-06
1.086474504141677e-06
1.069523126062677e-06
1.051722859912729e-06
1.033093671942709e-06
1.013656032000654e-06
9.934309304071576e-07
9.724398877253293e-07
9.50704853508455e-07
9.282483199868352e-07
9.050931950582708e-07
8.812627863008515e-07
8.567808462700555e-07
8.316715103262595e-07
8.059591634079766e-07
7.796686967154187e-07
7.528251853017309e-07
7.254540435042145e-07
6.975809494491614e-07
6.692318761380989e-07
6.404329297993172e-07
6.112105044309146e-07
5.815910908424371e-07
5.516013903417161e-07
5.21268286313159e-07
4.906187260900197e-07
4.59679664110979e-07
4.284782386676511e-07
3.970416111442887e-07
3.653969642414268e-07
3.335715046404175e-07
3.015922684923567e-07
2.694864225105675e-07
2.372810072870379e-07
2.050029799249842e-07
1.726792380196684e-07
1.403364349172875e-07
1.080011546861215e-07
7.569981530508585e-08
4.345864468291438e-08
1.130367266455323e-08
2.073939420199622e-08
5.26450030235992e-08
8.438796594845144e-08
1.159432310160469e-07
1.472861095308531e-07
1.783922556342077e-07
2.092377515694466e-07
2.397988918545479e-07
2.700524168730567e-07
2.999754835641966e-07
3.295455677232439e-07
3.587406833815976e-07
3.875391900720615e-07
4.159199500364252e-07
4.438622651647961e-07
4.713459640370843e-07
4.983513397505135e-07
5.248591339324093e-07
5.508507276985597e-07
5.763079773402069e-07
6.012132534038983e-07
6.255495232920794e-07
6.493002349117205e-07
6.724495422716359e-07
6.949821731438988e-07
7.168833455750701e-07
7.381388913429987e-07
7.587353447746636e-07
7.786597455705646e-07
7.978998803892523e-07
8.164440679081508e-07
8.342813062611754e-07
8.51401230406168e-07
8.677940579460142e-07
8.834507188026919e-07
8.983627619585377e-07
9.125224602613002e-07
9.259226478874893e-07
9.385568837672054e-07
9.504193760889734e-07
9.615049618716398e-07
9.718091398269735e-07
9.813281343085123e-07
9.900587052413812e-07
9.979984030294986e-07
1.005145353616399e-06
1.011498372172071e-06
1.017056877827827e-06
1.021820996705003e-06
1.025791447339941e-06
1.028969603744656e-06
1.03135753892758e-06
1.032957833047021e-06
1.033773763481349e-06
1.033809196471225e-06
1.033068582678709e-06
1.031557063768673e-06
1.029280282338618e-06
1.026244497381867e-06
1.022456537214111e-06
1.017923808355192e-06
1.012654307075422e-06
1.006656495938785e-06
9.999394610105128e-07
9.925127910648257e-07
9.843865136360819e-07
9.755712140346873e-07
9.660780362352739e-07
9.55918491030161e-07
9.451047118247402e-07
9.336491091360699e-07
9.215645988547294e-07
9.088645587240762e-07
8.95562823899354e-07
8.816735546091081e-07
8.672113400720605e-07
8.521911221137657e-07
8.366281516458685e-07
8.205381618608953e-07
8.039371035550857e-07
7.868412605915864e-07
7.692672658876631e-07
7.512320197022859e-07
7.327526327927103e-07
7.138465605294186e-07
6.945314536821456e-07
6.748251442090236e-07
6.54745800687806e-07
6.343116503160218e-07
6.135411352303777e-07
5.924528743150859e-07
5.710656045820883e-07
5.493982371262973e-07
5.274697585377908e-07
5.052992850806959e-07
4.829059596644925e-07
4.603090024701828e-07
4.375276994039723e-07
4.145813994327341e-07
3.914894257661672e-07
3.682710341124107e-07
3.449456125181882e-07
3.215324371197426e-07
2.980507494143581e-07
2.745196789888382e-07
2.509583998389076e-07
2.27385864803864e-07
2.038209911958688e-07
1.802825400076813e-07
1.567891558806878e-07
1.333593706576153e-07
1.100114905838723e-07
8.676365137461062e-08
6.363381821472558e-08
4.063977510071481e-08
1.779905645094004e-08
4.87099693913251e-09
2.735488902061434e-08
4.963278232850143e-08
7.168961513315253e-08
9.350916840844548e-08
1.150754487255767e-07
1.363727708536544e-07
1.573857861814076e-07
1.780994596245478e-07
1.98499094494764e-07
2.185703174006903e-07
2.382991528548928e-07
2.576719619895584e-07
2.766754150229644e-07
2.952966928759793e-07
3.135232624629225e-07
3.313429726148343e-07
3.487441464500307e-07
3.657154747926938e-07
3.822460934443939e-07
3.98325497918961e-07
4.139437255190614e-07
4.290910906590284e-07
4.437585161554125e-07
4.579371895019335e-07
4.716189287989891e-07
4.847958878784198e-07
4.974606868657361e-07
5.096064574772186e-07
5.212267613075028e-07
5.32315601375899e-07
5.428674469953876e-07
5.528772675233995e-07
5.623405039401064e-07
5.712529818069356e-07
5.796111297584616e-07
5.874117601223361e-07
5.946521630662005e-07
6.013301367957524e-07
6.074438951841898e-07
6.129921761299784e-07
6.179740967837688e-07
6.223893080914422e-07
6.262379015353758e-07
6.295204535433641e-07
6.322378691692165e-07
6.343917000606325e-07
6.359838575775711e-07
6.370166456548532e-07
6.374928398500401e-07
6.374156136246256e-07
6.367886742353335e-07
6.356160504594754e-07
6.339021911827558e-07
6.316520213545118e-07
6.288708123136644e-07
6.255642412966722e-07
6.217384074247434e-07
6.173997197933545e-07
6.12555042245333e-07
6.072115210642437e-07
6.013767697155004e-07
5.950586947633951e-07
5.88265536727306e-07
5.810058611999125e-07
5.732885437481627e-07
5.6512285606658e-07
5.565182998878981e-07
5.474847482034306e-07
5.380322001258264e-07
5.281711397131517e-07
5.179121496112771e-07
5.072661704019765e-07
4.962443398426331e-07
4.848580177352346e-07
4.731188738560377e-07
4.610387280834516e-07
4.486295805961049e-07
4.359036571699448e-07
4.228733567757104e-07
4.095512426971482e-07
3.959500531891536e-07
3.820826455225301e-07
3.679620323993049e-07
3.536013313265585e-07
3.390138614278726e-07
3.242129471558997e-07
3.092119911229929e-07
2.940245957816501e-07
2.786642712138132e-07
2.631446855971831e-07
2.474795248730288e-07
2.316824705417275e-07
2.157672813751788e-07
1.997477792059499e-07
1.836376952724095e-07
1.674507261739677e-07
1.512006182480263e-07
1.349010503304271e-07
1.185656843816218e-07
1.022080891033283e-07
8.584177901838075e-08
6.948020825348067e-08
5.313673767659566e-08
3.682461624521238e-08
2.055703429704181e-08
4.347006310467805e-09
1.179261399641973e-08
2.784892672025308e-08
4.380937035364241e-08
5.966151928049612e-08
7.539302515624513e-08
9.099171638382586e-08
1.064457020305554e-07
1.217431382372069e-07
1.368725701667017e-07
1.518225527519235e-07
1.665819828744475e-07
1.811399767959188e-07
1.954857591357495e-07
2.096089675163171e-07
2.234993532468366e-07
2.371469225437295e-07
2.505420395593205e-07
2.63675266509722e-07
2.765374311763935e-07
2.891196357879267e-07
3.014132445855466e-07
3.134099904045229e-07
3.251018467764766e-07
3.364810980954758e-07
3.475402552410856e-07
3.582722261086246e-07
3.686701655070124e-07
3.787275923983202e-07
3.884382735463987e-07
3.97796383388993e-07
4.067963317311296e-07
4.154329449335137e-07
4.237013264685174e-07
4.315968364920764e-07
4.391152792493358e-07
4.462527130044691e-07
4.530056108009717e-07
4.593706943722964e-07
4.653450984548613e-07
4.709262082513987e-07
4.761117695650796e-07
4.808998861349778e-07
4.85289018747892e-07
4.892778475706905e-07
4.928655377156588e-07
4.960514177199116e-07
4.988353383694744e-07
5.012172747953514e-07
5.031977181602088e-07
5.047773292687907e-07
5.05957150842562e-07
5.067386057433509e-07
5.071233486475535e-07
5.071133299949793e-07
5.067108181933122e-07
5.059184564615293e-07
5.047391180568184e-07
5.031760244023076e-07
5.012326225184438e-07
4.989127022625439e-07
4.962203616898364e-07
4.931598427404538e-07
4.897358056865642e-07
4.859530653433808e-07
4.818167536058127e-07
4.773323167839294e-07
4.72505318427352e-07
4.673416604816794e-07
4.618474003237338e-07
4.560289594834899e-07
4.498928687368675e-07
4.434458578117528e-07
4.36695003713794e-07
4.296474180875975e-07
4.22310527881109e-07
4.146919287961737e-07
4.067993399914371e-07
3.986407230982536e-07
3.902241436648524e-07
3.81557885731354e-07
3.72650354130144e-07
3.635101526455742e-07
3.541458877265313e-07
3.445664269463578e-07
3.347807533415903e-07
3.247978677123342e-07
3.146269600406981e-07
3.042772478423217e-07
2.937580942941054e-07
2.830789016528001e-07
2.722491876383515e-07
2.612784939515223e-07
2.501764564399878e-07
2.389527047341744e-07
2.276169785986326e-07
2.161789431909256e-07
2.046484528506198e-07
1.930352224732701e-07
1.813490344559909e-07
1.695996729722538e-07
1.577968653521111e-07
1.459504357370633e-07
1.340700697127772e-07
1.221654759575586e-07
1.102463160762568e-07
9.832216196770105e-08
8.640264148596088e-08
7.449719507945929e-08
6.261526408479767e-08
5.076620368527074e-08
3.895930067443487e-08
2.720370506636982e-08
1.550844430653342e-08
3.882555610346117e-09
7.665106771526098e-09
1.912580671614705e-08
3.049105590235968e-08
4.175209866730256e-08
5.290070781427403e-08
6.392866325199975e-08
7.482789055046624e-08
8.559047870448921e-08
9.620864904746895e-08
1.066748787081906e-07
1.169817078761071e-07
1.271218978970978e-07
1.370883806472989e-07
1.468742523158539e-07
1.564727725167359e-07
1.658775019564018e-07
1.750821194690388e-07
1.840805223807251e-07
1.928667581196919e-07
2.014351645485135e-07
2.097802207501331e-07
2.178966997945508e-07
2.257795550519859e-07
2.334239024293083e-07
2.408251313923415e-07
2.479788845377584e-07
2.548809749924885e-07
2.6152745835617e-07
2.679146096085105e-07
2.740390270261628e-07
2.798973905981939e-07
2.854867471313582e-07
2.908043272853433e-07
2.958475358028068e-07
3.006141531258777e-07
3.051021222333361e-07
3.093095637396459e-07
3.132349313261784e-07
3.168768216710305e-07
3.202342062635921e-07
3.233061756091615e-07
3.260920760084218e-07
3.285915557427188e-07
3.308043750038792e-07
3.327306279388154e-07
3.343706351799369e-07
3.357249509505777e-07
3.367942653653699e-07
3.375795438742557e-07
3.380820077225621e-07
3.383031321746444e-07
3.3824446976638e-07
3.379079709375787e-07
3.372956305369712e-07
3.364097382885234e-07
3.352528059608062e-07
3.33827511411755e-07
3.321367705311218e-07
3.301836706270933e-07
3.279714508863663e-07
3.255035849747401e-07
3.227837011010593e-07
3.198156530714868e-07
3.166034741042267e-07
3.131513475196357e-07
3.094636422673602e-07
3.055448480893119e-07
3.013996767720073e-07
2.97032882734527e-07
2.924494966194402e-07
2.876545783792039e-07
2.826534606370501e-07
2.774515390768784e-07
2.720542902068246e-07
2.66467385934277e-07
2.60696589649001e-07
2.547477926384545e-07
2.486270069823604e-07
2.423402882811843e-07
2.358938395730092e-07
2.29293886100379e-07
2.225468040961687e-07
2.156590861446261e-07
2.086372221654642e-07
2.014878015543786e-07
1.942175007485503e-07
1.868329908560895e-07
1.793410184802724e-07
1.717483861796154e-07
1.640619160525603e-07
1.562885136863201e-07
1.484350917735355e-07
1.405085221506397e-07
1.325157974463309e-07
1.244638445641044e-07
1.163596072828454e-07
1.082100178351197e-07
1.000220715141609e-07
9.180271032249721e-08
8.355884073552033e-08
7.529734258326926e-08
6.702511701206504e-08
5.87489950021336e-08
5.047572937399991e-08
4.221208627086526e-08
3.39647909797236e-08
2.574045243619594e-08
1.754569289857955e-08
9.387012944728212e-09
1.270848315471085e-09
6.796411433640515e-09
1.480841227419205e-08
2.275896004988454e-08
3.064192366508678e-08
3.845127949375637e-08
4.618109628040656e-08
5.38255200410731e-08
6.137887442747569e-08
6.883547865044193e-08
7.618973896228454e-08
8.343639379404522e-08
9.057012118063312e-08
9.758579455620975e-08
1.044783477510691e-07
1.11242900224795e-07
1.178747268681946e-07
1.243691096775024e-07
1.307217001311756e-07
1.369280742125056e-07
1.429840255084969e-07
1.488855261300159e-07
1.546287533571444e-07
1.602098418373998e-07
1.656252441861739e-07
1.70871531146588e-07
1.759454280048089e-07
1.808437950501229e-07
1.855636888592471e-07
1.901023694017567e-07
1.94457096647227e-07
1.986254911656715e-07
2.026052232650954e-07
2.063941320074036e-07
2.099903291252758e-07
2.133919458913169e-07
2.16597422664222e-07
2.19605227336217e-07
2.224140791540208e-07
2.250228670064303e-07
2.274307062677394e-07
2.296367291876322e-07
2.316403167057501e-07
2.334410407200949e-07
2.350386276717131e-07
2.364329505510909e-07
2.376241079460328e-07
2.386122543995839e-07
2.393977700521077e-07
2.399812188969008e-07
2.403633265757321e-07
2.405448764619678e-07
2.405269512451014e-07
2.403106638126928e-07
2.398973784067948e-07
2.39288531211912e-07
2.384857999970791e-07
2.374909211511067e-07
2.363057962639914e-07
2.349325347594799e-07
2.333732442849623e-07
2.316303211458148e-07
2.297062069445133e-07
2.27603552005462e-07
2.253250679373764e-07
2.228735551668137e-07
2.202520432703636e-07
2.174636115626072e-07
2.145115285401289e-07
2.113990253960196e-07
2.081296148759293e-07
2.047067377830558e-07
2.011341688756829e-07
1.974155523498666e-07
1.935547437881269e-07
1.895557195652486e-07
1.854224569441953e-07
1.811590619738013e-07
1.767696833354648e-07
1.722586393526626e-07
1.676302083808423e-07
1.628888330884593e-07
1.580389614730393e-07
1.530851081454898e-07
1.480318569946348e-07
1.428838505290742e-07
1.376457285928723e-07
1.32322260704143e-07
1.269182083873943e-07
1.214383775760552e-07
1.158875821971606e-07
1.102706708167034e-07
1.04592534633241e-07
9.885812435328489e-08
9.307235959710169e-08
8.724010847060981e-08
8.136635010203008e-08
7.545601032887816e-08
6.951403008770285e-08
6.35453627495508e-08
5.755493504011611e-08
5.15476585860597e-08
4.552845211946988e-08
3.950218907533554e-08
3.347370469697353e-08
2.74478795248001e-08
2.142942978622386e-08
1.542318628366957e-08
9.43381728291115e-09
3.466079867564531e-09
2.47546783072039e-09
8.386206395982754e-09
1.426160345374683e-08
2.009719857198888e-08
2.58885819448551e-08
3.163109241199891e-08
3.73209791959539e-08
4.295375610752217e-08
4.852529489340895e-08
5.403153124916571e-08
5.946843373294541e-08
6.483212366958924e-08
7.011876235196723e-08
7.532461587800299e-08
8.044598320822161e-08
8.54793213989069e-08
9.042115589608102e-08
9.526810007542963e-08
1.000168889930819e-07
1.046643598456853e-07
1.09207408449663e-07
1.136430078929607e-07
1.179683319918468e-07
1.221805767670503e-07
1.262771593957268e-07
1.302554402116129e-07
1.34113053995577e-07
1.378475946722801e-07
1.414569767987928e-07
1.449389781527088e-07
1.482916704986792e-07
1.515131735629893e-07
1.546017598386129e-07
1.575557737609756e-07
1.603737391775439e-07
1.630542429964521e-07
1.655959591673195e-07
1.679978183233288e-07
1.702587599794469e-07
1.723778586537605e-07
1.743543807108949e-07
1.761875756400855e-07
1.778768723426083e-07
1.794218782436019e-07
1.80822319784113e-07
1.820779482741841e-07
1.831886962122553e-07
1.841546515279902e-07
1.849758888283759e-07
1.856526932186853e-07
1.861854750373482e-07
1.865747734086654e-07
1.868211478850412e-07
1.869253338782073e-07
1.868881245314924e-07
1.867105794417512e-07
1.863936507362496e-07
1.85938517915929e-07
1.853465043666347e-07
1.846188917298264e-07
1.837571685925354e-07
1.827629505513073e-07
1.816378327745838e-07
1.8038359961281e-07
1.790020549563565e-07
1.774952353983394e-07
1.758650975958176e-07
1.741138540012344e-07
1.722436735462907e-07
1.702568210859567e-07
1.681556280885843e-07
1.659425894473543e-07
1.636201840682361e-07
1.611910391829952e-07
1.586578495249569e-07
1.560232689712393e-07
1.532900872902587e-07
1.504612967551111e-07
1.475396960159969e-07
1.445282427070538e-07
1.414300498936427e-07
1.382481311651418e-07
1.349856537657956e-07
1.316458071443094e-07
1.28231771867604e-07
1.247467729115215e-07
1.211941578205256e-07
1.175772510464412e-07
1.138993939164834e-07
1.10164037891991e-07
1.063745544982453e-07
1.025343747684815e-07
9.864697236849906e-08
9.471580142417224e-08
9.074433027222994e-08
8.673611073817256e-08
8.269463158683266e-08
7.862342421560697e-08
7.452592676315817e-08
7.040573457572918e-08
6.626636839257571e-08
6.211122993704521e-08
5.79439003445259e-08
5.376786127442301e-08
4.958654109543659e-08
4.540342590786395e-08
4.122190144784099e-08
3.704547335559027e-08
3.287742522672943e-08
2.872116855456852e-08
2.458005177174982e-08
2.045732205857576e-08
1.635625324070134e-08
1.228003121411803e-08
8.231882731024598e-09
4.21498214109306e-09
2.323750081245635e-10
3.712901097685517e-09
7.6178308106023e-09
1.14794662664508e-08
1.529486848284023e-08
1.906124413864063e-08
2.277582211718254e-08
2.643587038164696e-08
3.003872617313164e-08
3.358177558254738e-08
3.706249263046857e-08
4.04783886409632e-08
4.382707441408229e-08
4.710623180415041e-08
5.031361727247941e-08
5.344696596409904e-08
5.650424217407135e-08
5.948336934125109e-08
6.23823837031523e-08
6.519937301163736e-08
6.793258044979211e-08
7.058026518791394e-08
7.314070060715494e-08
7.561239367959161e-08
7.799377321759948e-08
8.028349895994324e-08
8.248026173163225e-08
8.458279499024002e-08
8.658992900478779e-08
8.850061483656191e-08
9.031382663948762e-08
9.202868600510783e-08
9.364435982206487e-08
9.516010734955671e-08
9.657532373807953e-08
9.788941035537846e-08
9.91019213358868e-08
1.002124205840005e-07
1.012206105599489e-07
1.021262825418034e-07
1.029293104082285e-07
1.036295858014569e-07
1.042272055329363e-07
1.047222513150814e-07
1.05114907000825e-07
1.054055287497135e-07
1.055943359418166e-07
1.05681849049688e-07
1.056686009803798e-07
1.055551397399768e-07
1.053421136987254e-07
1.050303408689501e-07
1.046205815313783e-07
1.041138215640558e-07
1.035109580271865e-07
1.028130878211186e-07
1.020212057056824e-07
1.011366217440468e-07
1.001605580697174e-07
9.909430698229471e-08
9.7939271803682e-08
9.669685674396078e-08
9.53685974636187e-08
9.395606870299389e-08
9.246091092762754e-08
9.08847361813514e-08
8.922933236732433e-08
8.749652113948514e-08
8.568810727638265e-08
8.380597815715873e-08
8.185211530786773e-08
7.982847805010351e-08
7.773709320701983e-08
7.558001069440934e-08
7.335936036412249e-08
7.107733335232069e-08
6.873611102520272e-08
6.633789251253575e-08
6.388491602393742e-08
6.137949970508316e-08
5.882396081346997e-08
5.622061394205957e-08
5.357183674448152e-08
5.088005128328632e-08
4.814766718652663e-08
4.537701592255416e-08
4.257061281265351e-08
3.973095630271928e-08
3.686045779716096e-08
3.396161840640843e-08
3.103689039107849e-08
2.808877397342258e-08
2.511976848751374e-08
2.213243810444965e-08
1.912917735324982e-08
1.611256195133137e-08
1.308498642771383e-08
1.004899008449911e-08
7.007108671075457e-09
3.961728722856606e-09
9.153104940651247e-10
2.129638687620172e-09
5.170776695706536e-09
8.205674362216087e-09
1.123196025076822e-08
1.424723183873766e-08
1.724918607948212e-08
2.023544709572889e-08
2.320380421139134e-08
2.615194372168617e-08
2.908206031548843e-08
3.198306419704977e-08
3.485736321806598e-08
3.770279555226352e-08
4.05171478590205e-08
4.329843772410413e-08
4.604467651603272e-08
4.875382408897622e-08
5.142399039925749e-08
5.405327296870155e-08
5.66398012935565e-08
5.918179724062611e-08
6.167750310481779e-08
6.412520825449519e-08
6.652324024969403e-08
6.887005454814243e-08
7.116405154050653e-08
7.340375418607437e-08
7.558764014703456e-08
7.771438603754177e-08
7.978262495100807e-08
8.179110100314801e-08
8.373851301257673e-08
8.562375164444802e-08
8.74456862476336e-08
8.920326965977665e-08
9.089546715301822e-08
9.252136745629969e-08
9.408008594391504e-08
9.557077707000872e-08
9.699274183816442e-08
9.834521463858437e-08
9.962757463455318e-08
1.008392489509902e-07
1.019796878054535e-07
1.030484666486586e-07
1.040451769185324e-07
1.04969469560956e-07
1.058210914450797e-07
1.065998178617633e-07
1.073054365363646e-07
1.079379270407799e-07
1.084972689469055e-07
1.089834151812852e-07
1.09396459002653e-07
1.097365665003736e-07
1.100038753421018e-07
1.101987185947451e-07
1.103213591591157e-07
1.103722322426393e-07
1.103516478195843e-07
1.102602036340272e-07
1.100983579860326e-07
1.098667263832454e-07
1.095659358796297e-07
1.091966721489257e-07
1.087597203408563e-07
1.082558096499042e-07
1.076857785164975e-07
1.07050580844259e-07
1.063510985943594e-07
1.055883087630605e-07
1.047632887107852e-07
1.038771122452431e-07
1.029308673849982e-07
1.019257176437804e-07
1.008628149890001e-07
9.974348103014563e-08
9.856891480808372e-08
9.734047257126122e-08
9.605947948188032e-08
9.472729622928e-08
9.33454167295622e-08
9.191524164009479e-08
9.043820980991768e-08
8.891581426695438e-08
8.734966261414456e-08
8.57412691956938e-08
8.409218121840922e-08
8.24040657931846e-08
8.067855006288482e-08
7.891719544517173e-08
7.712171434803849e-08
7.529381917947831e-08
7.343517882674178e-08
7.154753145499626e-08
6.963257614955864e-08
6.769203952927683e-08
6.572770594459598e-08
6.374127181629774e-08
6.173453037661147e-08
5.970924643605713e-08
5.766727007028294e-08
5.561023908029483e-08
5.35399609091769e-08
5.145828207986369e-08
4.936693898116573e-08
4.726768576546192e-08
4.516231832951689e-08
4.305257839121168e-08
4.094020944478416e-08
3.882696653079165e-08
3.671459225529361e-08
3.460482300710055e-08
3.249931257442995e-08
3.039978757612971e-08
2.830791601127203e-08
2.622539696517379e-08
2.415385935705672e-08
2.209490812532522e-08
2.005014643202685e-08
1.8021151682035e-08
1.600955368274981e-08
1.401684901480849e-08
1.204452626524244e-08
1.00941059955062e-08
8.167061693598043e-09
6.264814444989497e-09
4.388710728164824e-09
2.540208932089172e-09
7.206493179978679e-10
1.068726440678347e-09
2.826547884637876e-09
4.551660381935108e-09
6.242768080255701e-09
7.898762532931869e-09
9.51846512720067e-09
1.110074610011225e-08
1.264457338834291e-08
1.414893446849419e-08
1.56128194817029e-08
1.703526919527576e-08
1.841541141800462e-08
1.975226471273572e-08
2.104508478595335e-08
2.229306250711716e-08
2.349545624724669e-08
2.465147286301317e-08
2.576056346015321e-08
2.682203970039154e-08
2.783533314953957e-08
2.879991978232965e-08
2.971520185468535e-08
3.058086406326765e-08
3.139640103455577e-08
3.216146726714442e-08
3.287572347687728e-08
3.353889432844426e-08
3.415077109991671e-08
3.471113441122498e-08
3.521982172571825e-08
3.567677175908557e-08
3.608187881809499e-08
3.643507540118662e-08
3.673642101631458e-08
3.698595563150775e-08
3.718378405181966e-08
3.733001197048225e-08
3.742487209024148e-08
3.746859889020016e-08
3.746142418492582e-08
3.740363130333435e-08
3.729560038578938e-08
3.713769025637248e-08
3.693030414808618e-08
3.667391546002818e-08
3.636900558490197e-08
3.601606657355205e-08
3.56156784064865e-08
3.51684992239143e-08
3.467511344723562e-08
3.413614990677161e-08
3.355238931135318e-08
3.292445693858781e-08
3.225318412347633e-08
3.153937289113173e-08
3.078386612287431e-08
2.998743831028605e-08
2.915103003431341e-08
2.827553569062502e-08
2.73618621093874e-08
2.641099161593274e-08
2.542387278481328e-08
2.440147994775543e-08
2.334487447797073e-08
2.225513551223912e-08
2.113333597009159e-08
1.998052567842024e-08
1.879780509028706e-08
1.758632084403189e-08
1.634723734156296e-08
1.508163638419546e-08
1.379071168372548e-08
1.247567649187431e-08
1.113770320415597e-08
9.778017506789638e-09
8.397820216998753e-09
6.998327251039882e-09
5.580811368588456e-09
4.146460064191615e-09
2.696493694998026e-09
1.232301372056099e-09
2.449862535058855e-10
1.734068000303068e-09
3.233709300332066e-09
4.742626735776412e-09
6.259536000641219e-09
7.783208744172043e-09
9.312389082083428e-09
1.08458202419115e-08
1.238224989208447e-08
1.392044524095581e-08
1.545913530520693e-08
1.699706686508762e-08
1.853307018961914e-08
2.006592048076072e-08
2.159444978389047e-08
2.311742353100499e-08
2.463362758220455e-08
2.614193572725299e-08
2.764121553866516e-08
2.913028751549973e-08
3.061024056449924e-08
3.207546583894327e-08
3.352446231730255e-08
3.496159006743937e-08
3.638306722564266e-08
3.77878244250951e-08
3.917492641392073e-08
4.054329494351805e-08
4.189192726045121e-08
4.321993252176526e-08
4.45263825810116e-08
4.58103466272064e-08
4.707087608579741e-08
4.830719468884581e-08
4.951844267964134e-08
5.070381714489258e-08
5.186259244283065e-08
5.299387151325163e-08
5.409699710412497e-08
5.517124446186017e-08
5.621597054528138e-08
5.723047369343703e-08
5.821418724849536e-08
5.916649215009784e-08
6.008688746561575e-08
6.097474170019268e-08
6.182960099465618e-08
6.265100260804957e-08
6.343845004863624e-08
6.419155429426837e-08
6.490994852725862e-08
6.559326237720597e-08
6.624113702002887e-08
6.685332554212664e-08
6.74295765890065e-08
6.796966545152827e-08
6.847336031512441e-08
6.894050397221463e-08
6.937094720882442e-08
6.976459054897077e-08
7.012132030581597e-08
7.044111516307794e-08
7.072394492269041e-08
7.096983356547071e-08
7.117882550033983e-08
7.135095181354245e-08
7.148634306730628e-08
7.158513604110794e-08
7.164747906074354e-08
7.167354354464806e-08
7.166357107735166e-08
7.161779169706506e-08
7.153643366564211e-08
7.14198709061975e-08
7.126838941218239e-08
7.108235866581936e-08
7.086207975959269e-08
7.060801721081589e-08
7.032059734513041e-08
7.000023583003667e-08
6.964743182180655e-08
6.926264628503986e-08
6.884645742388784e-08
6.839934219016186e-08
6.792190898607942e-08
6.74147031531902e-08
6.687833575824698e-08
6.631351556762866e-08
6.572080479827491e-08
6.510086603128684e-08
6.445437250590658e-08
6.378202055401516e-08
6.308452160652678e-08
6.236265370773708e-08
6.161712295948973e-08
6.084871273515091e-08
6.005817621002052e-08
5.924629675746473e-08
5.841393413419382e-08
5.756179000115935e-08
5.669071168057371e-08
5.580159800899764e-08
5.489521015533683e-08
5.397240787630153e-08
5.303409977841511e-08
5.20811482829231e-08
5.111435630311689e-08
5.013465464998035e-08
4.914294926550156e-08
4.81400599383619e-08
4.712693701947046e-08
4.610441095564966e-08
4.507339923520703e-08
4.403482556369909e-08
4.298958611315129e-08
4.193850600131555e-08
4.088256311263194e-08
3.982261542745391e-08
3.875958309862426e-08
3.769430367839277e-08
3.662766179246546e-08
3.556054295472677e-08
3.449386287712741e-08
3.342850352083815e-08
3.236528378636194e-08
3.130505099591119e-08
3.024869332790558e-08
2.919699415571131e-08
2.815084165774806e-08
2.711103963548567e-08
2.607841409485445e-08
2.505371110572696e-08
2.403776999670981e-08
2.303133861403239e-08
2.203522697641347e-08
2.105014829112406e-08
2.007680954818625e-08
1.911597280468413e-08
1.81683583733161e-08
1.723464837510846e-08
1.631552226655231e-08
1.541164440510556e-08
1.452366849008513e-08
1.365218071924801e-08
1.279786143726369e-08
1.196122845215086e-08
1.114296388493585e-08
1.034351360118535e-08
9.563474456797394e-09
8.803326956297042e-09
8.063660850154974e-09
7.344874930481637e-09
6.647471018084161e-09
5.97188076767452e-09
5.318492313222123e-09
4.687758625721017e-09
4.080037641074341e-09
3.495685518828395e-09
2.935021115035852e-09
2.398422793703503e-09
1.886106382187336e-09
1.398377413863727e-09
9.354756969059963e-10
4.976898893005455e-10
8.515499416716921e-11
3.019087202460469e-10
6.633351645746188e-10
9.989573612756431e-10
1.308651853548781e-09
1.592341369871519e-09
1.849955744148701e-09
2.08145589652986e-09
2.286801858986109e-09
2.465973203413796e-09
2.618931738140873e-09
2.745752070154595e-09
2.846506141906957e-09
2.921185959792183e-09
2.969944290498461e-09
2.992850411942527e-09
2.990010017356326e-09
2.961643374987943e-09
2.907920126915542e-09
2.829016132466222e-09
2.725143666282293e-09
2.596494574902408e-09
2.443353963599293e-09
2.265990062255696e-09
2.064635573617579e-09
1.83965109812334e-09
1.591336840078839e-09
1.320016096428844e-09
1.026047691254917e-09
7.098011067796506e-10
3.716804641840099e-10
1.20490284416519e-11
3.686482230591537e-10
7.700098336727024e-10
1.191568621550232e-09
1.632891155622929e-09
2.093508477685191e-09
2.572935642319862e-09
3.070654841508258e-09
3.586166030800086e-09
4.118937191321947e-09
4.668515352079794e-09
5.234298328105069e-09
5.815756765059632e-09
6.41230624154332e-09
7.023412962325892e-09
7.648504052326643e-09
8.286946240332327e-09
8.93815510494278e-09
9.601617279031416e-09
1.02766728460324e-08
1.096271606826349e-08
1.165915630707559e-08
1.236535851489862e-08
1.308068053873512e-08
1.380449621279922e-08
1.45361918058029e-08
1.527514914556605e-08
1.602073051998332e-08
1.677224936713628e-08
1.75291177129111e-08
1.829070761516505e-08
1.905639113175539e-08
1.982552255697101e-08
2.059746861959866e-08
2.137153476411413e-08
2.214715344450724e-08
2.292365319789269e-08
2.370047003097397e-08
2.447696179075365e-08
2.525250675233792e-08
2.602651782979137e-08
2.679829247398402e-08
2.756728978425826e-08
2.833295464910179e-08
2.909464313916033e-08
2.985175662217898e-08
3.060604303328773e-08
3.135417081523428e-08
3.209419574545791e-08
3.282552718530951e-08
3.354871225269562e-08
3.426671923989488e-08
3.497633560556324e-08
3.567704975893093e-08
3.636830570030725e-08
3.704966822226652e-08
3.772064438578582e-08
3.838072526463066e-08
3.90294676577696e-08
3.96664496804533e-08
4.029124145432661e-08
4.090336425122132e-08
4.150246279976955e-08
4.208813653150401e-08
4.265999198338477e-08
4.321763480419349e-08
4.37607505787696e-08
4.428895561403579e-08
4.480188842137522e-08
4.529931096897144e-08
4.578096657326114e-08
4.624646710027491e-08
4.669556474823366e-08
4.712804191342457e-08
4.754360816150438e-08
4.794207342229129e-08
4.832321209846668e-08
4.868684033709769e-08
4.903276717982408e-08
4.936085851170446e-08
4.967095179608805e-08
4.996287028546931e-08
5.023655713642938e-08
5.049188178674058e-08
5.072875275402566e-08
5.09471229648284e-08
5.114688317320315e-08
5.132809555163931e-08
5.149060289255658e-08
5.163446115119541e-08
5.175969697290839e-08
5.186630591680341e-08
5.195429864102152e-08
5.202376041069101e-08
5.207474540469548e-08
5.210736642169422e-08
5.212167053514349e-08
5.211777853730837e-08
5.209579168052869e-08
5.205586361967107e-08
5.199815245049422e-08
5.19227967288316e-08
5.182994922137141e-08
5.171983463725383e-08
5.159266969201326e-08
5.144870574014249e-08
5.128807956111814e-08
5.111100609411778e-08
5.091783794597404e-08
5.070880160218394e-08
5.04841191073524e-08
5.024413329834942e-08
4.998911240505777e-08
4.971937883624378e-08
4.943521236810966e-08
4.913694340302754e-08
4.882491122515376e-08
4.849947199403459e-08
4.816095966475586e-08
4.780977036489276e-08
4.744623183228214e-08
4.707070733189767e-08
4.668363207116499e-08
4.628535776873832e-08
