1.4210854715202e-14
7.7982065249671e-13
7.780442956573097e-13
7.762679388179095e-13
7.673861546209082e-13
7.549516567451064e-13
7.531752999057062e-13
7.762679388179095e-13
7.549516567451064e-13
7.691625114603085e-13
7.7982065249671e-13
7.371880883511039e-13
7.585043704239069e-13
7.425171588693047e-13
7.300826609935029e-13
7.140954494389007e-13
6.927791673660977e-13
6.785683126508957e-13
6.998845947236987e-13
6.714628852932947e-13
6.501466032204917e-13
6.252776074688882e-13
6.359357485052897e-13
6.039613253960852e-13
5.666578317686799e-13
5.400124791776761e-13
5.133671265866724e-13
4.511946372076636e-13
3.854694341498544e-13
3.410605131648481e-13
2.433608869978343e-13
1.740829702612245e-13
9.592326932761353e-14
1.06581410364015e-14
9.414691248821327e-14
2.025046796916286e-13
3.126388037344441e-13
4.192202140984591e-13
5.382361223382759e-13
6.661338147750939e-13
8.206768598029157e-13
9.698908343125368e-13
1.151079231931362e-12
1.335820343228988e-12
1.522337811366015e-12
1.708855279503041e-12
1.927347170749272e-12
2.158273559871304e-12
2.380318164796336e-12
2.613020910757768e-12
2.872369009310205e-12
3.145927962577844e-12
3.455014052633487e-12
3.75699471533153e-12
4.057199021190172e-12
4.39825953435502e-12
4.725109192804666e-12
5.087485988042317e-12
5.483613563228573e-12
5.879741138414829e-12
6.282974140958686e-12
6.725286993969348e-12
7.176481631177012e-12
7.617018127348274e-12
8.089529046628741e-12
8.576250820624409e-12
9.084288876692881e-12
9.604761430637154e-12
1.015898476453003e-11
1.073985345101391e-11
1.13242748511766e-11
1.192113074921508e-11
1.255884285455977e-11
1.318944953254686e-11
1.385203063364315e-11
1.450040088002424e-11
1.520739090210554e-11
1.590194642631104e-11
1.662670001678634e-11
1.736744081881625e-11
1.812061611872195e-11
1.891642398277327e-11
1.969091556475178e-11
2.052580327926989e-11
2.135536192326981e-11
2.221156591986073e-11
2.306421720277285e-11
2.392575026988197e-11
2.48068232622245e-11
2.571276525031863e-11
2.662936537944915e-11
2.757083450433129e-11
2.852829084076802e-11
2.946798360881075e-11
3.044675622732029e-11
3.142375248899043e-11
3.240607782117877e-11
3.339195586704591e-11
3.439204476762825e-11
3.541344995028339e-11
3.645084234449314e-11
3.748290566818469e-11
3.852562713291263e-11
3.957900673867698e-11
4.063771541495953e-11
4.165556788393587e-11
4.271250020337902e-11
4.376055073862517e-11
4.481393034438952e-11
4.585487545227807e-11
4.691358412856061e-11
4.793143659753696e-11
4.89670526349073e-11
5.000977409963525e-11
5.10400610664874e-11
5.207745346069714e-11
5.309175321599469e-11
5.409006575973763e-11
5.507061473508656e-11
5.60493873535961e-11
5.701572547422984e-11
5.798561630854238e-11
5.892708543342451e-11
5.983302742151864e-11
6.072120584121876e-11
6.160938426091889e-11
6.248335182590381e-11
6.336975388876454e-11
6.419043074856745e-11
6.497735682842176e-11
6.572520305780927e-11
6.646594385983917e-11
6.720490830502968e-11
6.788880568819877e-11
6.852829415038286e-11
6.913936090313655e-11
6.973088773065683e-11
7.029754556242551e-11
7.080380726165458e-11
7.127276546725625e-11
7.168665661083651e-11
7.206679697446816e-11
7.240430477395421e-11
7.269385093877645e-11
7.293365911209548e-11
7.312728200759011e-11
7.328004869577853e-11
7.339551189033955e-11
7.346301345023676e-11
7.345590802287916e-11
7.340794638821535e-11
7.329425955049373e-11
7.311662386655371e-11
7.289990833214688e-11
7.260503309680644e-11
7.224087994472939e-11
7.183409422850673e-11
7.133671431347466e-11
7.077360919538478e-11
7.016609515630989e-11
6.94946322710166e-11
6.873968061427149e-11
6.791545104078978e-11
6.703082533476845e-11
6.606803992781352e-11
6.504485838831897e-11
6.393285900685441e-11
6.275691077917145e-11
6.151701370527007e-11
6.016875886416528e-11
5.875477882000268e-11
5.727507357278228e-11
5.571898498146766e-11
5.407230219134362e-11
5.233857791608898e-11
5.051603579886432e-11
4.863487390593946e-11
4.667732866892038e-11
4.46487291583253e-11
4.251532459420559e-11
4.031974754070689e-11
3.804956349995336e-11
3.566924533515703e-11
3.323208375149989e-11
3.074518417633954e-11
2.818190125708497e-11
2.55049315001088e-11
2.276934196743241e-11
1.994493459278601e-11
1.7051249301403e-11
1.407052252488938e-11
1.105782132526656e-11
7.947420499476721e-12
4.792610752701876e-12
1.56141766183282e-12
1.724842491057643e-12
5.083933274363517e-12
8.496314762851398e-12
1.194599974496668e-11
1.545430450278218e-11
1.900168911106448e-11
2.262190434976219e-11
2.632383200307231e-11
3.004352322477644e-11
3.380762336746557e-11
3.75894870785487e-11
4.142819420849264e-11
4.526690133843658e-11
4.913580653465033e-11
5.303490979713388e-11
5.696243476904783e-11
6.090239423883759e-11
6.484413006546674e-11
6.88000767468111e-11
7.273648350292206e-11
7.669775925478461e-11
8.064837686561077e-11
8.456346733964892e-11
8.847322874316887e-11
9.235812115093722e-11
9.622702634715097e-11
1.000852734023283e-10
1.039168751049147e-10
1.077022915296766e-10
1.114397463197747e-10
1.15147003043603e-10
1.188027454190888e-10
1.223821044504803e-10
1.259188309177262e-10
1.294182538913446e-10
1.328732679439781e-10
1.362625567935538e-10
1.395843440832323e-10
1.428226426014589e-10
1.459898868461096e-10
1.491198275971328e-10
1.521680559335437e-10
1.551789807763271e-10
1.581081932044981e-10
1.609645750022537e-10
1.637570079537909e-10
1.665103610548613e-10
1.692015416665527e-10
1.71848313357259e-10
1.744435706996228e-10
1.769553392705348e-10
1.794244752773011e-10
1.81838544222046e-10
1.84208204245806e-10
1.865849696969235e-10
1.888658118787134e-10
1.911146796373941e-10
1.933262439024475e-10
1.955005046738734e-10
1.976072638854021e-10
1.997157994537702e-10
2.017728206737956e-10
2.038049728980695e-10
2.057944925581978e-10
2.077698013636109e-10
2.097131357459148e-10
2.116173902777518e-10
2.134719068180857e-10
2.152606981553618e-10
2.170121859990104e-10
2.187157122079952e-10
2.203677240686375e-10
2.219397998715067e-10
2.234479268281575e-10
2.248974340091081e-10
2.262403597796947e-10
2.275299948450993e-10
2.287308120685339e-10
2.29894325798341e-10
2.309530344746236e-10
2.319566760888847e-10
2.328892634295698e-10
2.337721127787518e-10
2.345945659953941e-10
2.353939265731242e-10
2.361701945119421e-10
2.36910935313972e-10
2.376960850369869e-10
2.384883401873594e-10
2.393534259681473e-10
2.402664733835991e-10
2.413145239188452e-10
2.425082357149222e-10
2.43865372340224e-10
2.453912628652688e-10
2.471178817131658e-10
2.491002959459365e-10
2.51352716418296e-10
2.538680377028868e-10
2.566924450775332e-10
2.598579129653444e-10
2.633644413663205e-10
2.672457810604101e-10
2.714735103381827e-10
2.760742745522293e-10
2.81012546565762e-10
2.863238535155688e-10
2.920081954016496e-10
2.9801938694618e-10
3.043645335765177e-10
3.110152135832323e-10
3.179696506094842e-10
3.252136338005585e-10
3.326832143102365e-10
3.403801684953578e-10
3.482742982896525e-10
3.563460637678872e-10
3.645368451543618e-10
3.728537478764338e-10
3.812310467310454e-10
3.896722944318753e-10
3.981579510536903e-10
4.066365022481477e-10
4.150955135173717e-10
4.235296557908441e-10
4.319140600728133e-10
4.401758957328639e-10
4.483720061898566e-10
4.564366662407338e-10
4.643787576696923e-10
4.721538715557472e-10
4.7978687689465e-10
4.872475756201311e-10
4.945217568774751e-10
5.015987625256457e-10
5.084679344236065e-10
5.15145259782912e-10
5.215952114667743e-10
5.278302239730692e-10
5.338431918744391e-10
5.396394442414021e-10
5.451958884350461e-10
5.50530288023765e-10
5.556231030823255e-10
5.605045316769974e-10
5.651212831025987e-10
5.695426352758659e-10
5.737295083463323e-10
5.776961131687131e-10
5.814175807472566e-10
5.849312145755903e-10
5.882228037989989e-10
5.913278755542706e-10
5.941949154930626e-10
5.96877214320557e-10
5.993676666093961e-10
6.016680487164194e-10
6.037907951395027e-10
6.05735905878646e-10
6.075087100043675e-10
6.091163129440247e-10
6.105818073365299e-10
6.118643369745769e-10
6.13018968920187e-10
6.140545849575574e-10
6.149587505888121e-10
6.1573501852763e-10
6.164100341266021e-10
6.169749156015314e-10
6.174403210934543e-10
6.178311195981223e-10
6.181544165428932e-10
6.183924483593728e-10
6.18557649545437e-10
6.186304801758524e-10
6.18681994524195e-10
6.186624545989616e-10
6.186251511053342e-10
6.185167933381308e-10
6.184013301435698e-10
6.182716560942936e-10
6.180975731240324e-10
6.179092792990559e-10
6.176961164783279e-10
6.174456501639725e-10
6.172022892769746e-10
6.169713628878526e-10
6.167439892124094e-10
6.164722066159811e-10
6.162252930153045e-10
6.159979193398613e-10
6.157687693075786e-10
6.155538301300112e-10
6.153388909524438e-10
6.151665843390219e-10
6.149942777256001e-10
6.148130893279813e-10
6.146514408555959e-10
6.145004505242468e-10
6.14363671047613e-10
6.142464314962126e-10
6.141451791563668e-10
6.140670194554332e-10
6.140048469660542e-10
6.13955108974551e-10
6.13946227190354e-10
6.139408981198358e-10
6.139586616882298e-10
6.13972872542945e-10
6.140599140280756e-10
6.141398500858486e-10
6.142499842098914e-10
6.143849873296858e-10
6.145768338683411e-10
6.147757858343539e-10
6.150031595097971e-10
6.152749421062254e-10
6.155733700552446e-10
6.159091014978912e-10
6.162874655046835e-10
6.16724449287176e-10
6.171987365632958e-10
6.176836819804521e-10
6.18202378177557e-10
6.18797457718756e-10
6.194156298988673e-10
6.20088869141e-10
6.207887537357237e-10
6.215419290356294e-10
6.223732640364688e-10
6.232525606719719e-10
6.241531735895478e-10
6.251585915606483e-10
6.261640095317489e-10
6.272244945648708e-10
6.283542575147294e-10
6.295231003150548e-10
6.307647737457955e-10
6.320668433090759e-10
6.334222035775383e-10
6.348361836217009e-10
6.362892435163303e-10
6.378080286140175e-10
6.393872098442444e-10
6.40987707356544e-10
6.42669917283456e-10
6.443805489197985e-10
6.461622348297169e-10
6.479883296606204e-10
6.498428462009542e-10
6.517542061601489e-10
6.537277386087226e-10
6.557083764846539e-10
6.577334232815701e-10
6.598135371405078e-10
6.619114145678395e-10
6.64039490061441e-10
6.662101981191881e-10
6.683986697453292e-10
6.706155630809008e-10
6.728537726985451e-10
6.751452730213714e-10
6.774421024147159e-10
6.797531426627756e-10
6.820854991929082e-10
6.844231847935589e-10
6.867679758215672e-10
6.891305304179696e-10
6.915019667985689e-10
6.93859192324453e-10
6.962217469208554e-10
6.985558798078273e-10
7.00893565408478e-10
7.032081583702166e-10
7.055174222614369e-10
7.07830238866336e-10
7.100968701934107e-10
7.123688305910036e-10
7.146052638518086e-10
7.168328153284165e-10
7.190372741661122e-10
7.211991004396623e-10
7.233538212858548e-10
7.254516987131865e-10
7.274945090784968e-10
7.295017923070191e-10
7.314913119671473e-10
7.334577389883634e-10
7.353850861591127e-10
7.37268024408877e-10
7.391047773808168e-10
7.408935687180929e-10
7.426699255574931e-10
7.443627936254416e-10
7.460450035523536e-10
7.476455010646532e-10
7.492015896559678e-10
7.507185983968157e-10
7.521627765072481e-10
7.535465584851408e-10
7.548983660399244e-10
7.562075410305624e-10
7.57443885390785e-10
7.58646478971059e-10
7.597851237051145e-10
7.608758068045063e-10
7.619203046260736e-10
7.629097353856196e-10
7.638689680788957e-10
7.647642519259534e-10
7.656169032088656e-10
7.664198165002745e-10
7.671872026548954e-10
7.678888636064585e-10
7.685692082759488e-10
7.692140258086511e-10
7.698179871340471e-10
7.703935267500128e-10
7.709282101586723e-10
7.71432695501062e-10
7.71903430063503e-10
7.723492956301925e-10
7.728147011221154e-10
7.732285922656956e-10
7.736371543387577e-10
7.740226237729075e-10
7.74406316850218e-10
7.747953389980466e-10
7.751612685069631e-10
7.755307507295583e-10
7.758806930269202e-10
7.762483988926761e-10
7.766036702605561e-10
7.769553889147573e-10
7.773373056352284e-10
7.777209987125389e-10
7.781100208603675e-10
7.784954902945174e-10
7.78911157794937e-10
7.793232725816779e-10
7.797513745799733e-10
7.80193687432984e-10
7.806768564933009e-10
7.811706836946541e-10
7.817000380327954e-10
7.822240633004185e-10
7.827551939953992e-10
7.832898774040586e-10
7.838423243811121e-10
7.844018767855232e-10
7.849916272562041e-10
7.855920358679214e-10
7.862013262638357e-10
7.868212748007863e-10
7.874181306988248e-10
7.880363028789361e-10
7.886562514158868e-10
7.892673181686405e-10
7.899245701992186e-10
7.905427423793299e-10
7.911591382026018e-10
7.917613231711584e-10
7.923848244217879e-10
7.929870093903446e-10
7.936051815704559e-10
7.94200261111655e-10
7.947669189434237e-10
7.953087077794407e-10
7.958345094039032e-10
7.963425474599717e-10
7.968612436570766e-10
7.973355309331964e-10
7.978027127819587e-10
7.982574601328452e-10
7.98678456703783e-10
7.990674788516117e-10
7.994582773562797e-10
7.99809996010481e-10
8.001315165984124e-10
8.004370499747893e-10
8.007194907122539e-10
8.010037078065579e-10
8.012648322619498e-10
8.01483324153196e-10
8.016929342602452e-10
8.018954389399369e-10
8.020499819849647e-10
8.022134068141895e-10
8.023537390045021e-10
8.024620967717055e-10
8.025597963978726e-10
8.026361797419668e-10
8.027072340155428e-10
8.027551956502066e-10
8.028120390690674e-10
8.028298026374614e-10
8.028351317079796e-10
8.028511189195342e-10
8.028493425626948e-10
8.028404607784978e-10
8.028244735669432e-10
8.028138154259068e-10
8.027605247207248e-10
8.027143394429004e-10
8.02659272380879e-10
8.026344033851274e-10
8.025953235346606e-10
8.025651254683908e-10
8.025455855431574e-10
8.025118347632088e-10
8.024887421242966e-10
8.024674258422237e-10
8.024567677011873e-10
8.024692021990631e-10
8.024638731285449e-10
8.024692021990631e-10
8.024763076264207e-10
8.025189401905664e-10
8.025402564726392e-10
8.02588218107303e-10
8.02650390596682e-10
8.027072340155428e-10
8.027889464301552e-10
8.028653297742494e-10
8.030109910350802e-10
8.031317833001594e-10
8.032614573494357e-10
8.034408693902151e-10
8.035989651489217e-10
8.037837062602193e-10
8.03995092724108e-10
8.042277954700694e-10
8.044782617844248e-10
8.047411625966561e-10
8.050342614751571e-10
8.053415712083734e-10
8.056719735805018e-10
8.060325740189e-10
8.064269252372469e-10
8.068141710282362e-10
8.072564838812468e-10
8.077165603026515e-10
8.082139402176836e-10
8.087148728463944e-10
8.092477798982145e-10
8.098073323026256e-10
8.104059645575035e-10
8.110063731692208e-10
8.116618488429594e-10
8.123155481598587e-10
8.130278672524582e-10
8.137490681292547e-10
8.145022434291604e-10
8.15267853226942e-10
8.160832010162267e-10
8.169216414444236e-10
8.177760690841751e-10
8.186731292880722e-10
8.195737422056482e-10
8.205027768326545e-10
8.214477986712154e-10
8.224461112149584e-10
8.234817272523287e-10
8.245368832149325e-10
8.256240136006454e-10
8.267058149158402e-10
8.278160379404653e-10
8.289333663924481e-10
8.300879983380582e-10
8.312657229225806e-10
8.324931854986062e-10
8.337224244314712e-10
8.349640978622119e-10
8.362253112181861e-10
8.375078408562331e-10
8.388010286353165e-10
8.401084272691151e-10
8.41462011180738e-10
8.428102660218428e-10
8.441585208629476e-10
8.455209865587676e-10
8.468870049682664e-10
8.48274339659838e-10
8.4969009606084e-10
8.511005233913238e-10
8.525002925807712e-10
8.539053908407368e-10
8.553282526690964e-10
8.567226927880256e-10
8.581277910479912e-10
8.595666400879054e-10
8.609504220657982e-10
8.623661784668002e-10
8.637623949425688e-10
8.651781513435708e-10
8.665921313877334e-10
8.679670315814292e-10
8.693046282814976e-10
8.706582121931206e-10
8.72004690677386e-10
8.733351819500967e-10
8.746869895048803e-10
8.759819536408031e-10
8.772911286314411e-10
8.785701055558093e-10
8.798224371275865e-10
8.810694396288454e-10
8.822826913501558e-10
8.834710740757146e-10
8.846878785107037e-10
8.858549449541897e-10
8.870149059703181e-10
8.881517743475342e-10
8.892495628742836e-10
8.903047188368873e-10
8.913634275131699e-10
8.924043726210584e-10
8.933849215964074e-10
8.943636942149169e-10
8.952927288419232e-10
8.962093289710538e-10
8.971170473159873e-10
8.979661458852206e-10
8.987957045292205e-10
8.995577616133232e-10
9.003464640500169e-10
9.01065888569974e-10
9.017835367330918e-10
9.02481644970976e-10
9.031460024289117e-10
9.03755292824826e-10
9.043592541502221e-10
9.049543336914212e-10
9.055014515979565e-10
9.060201477950613e-10
9.065264094942904e-10
9.070078021977679e-10
9.074501150507785e-10
9.07887098833271e-10
9.082956609063331e-10
9.086651431289283e-10
9.090417307788812e-10
9.093952257899218e-10
9.097220754483715e-10
9.100276088247483e-10
9.103047204916948e-10
9.105729503744442e-10
9.10825193045639e-10
9.110792120736733e-10
9.112905985375619e-10
9.115268539972021e-10
9.117382404610908e-10
9.119265342860672e-10
9.121112753973648e-10
9.122906874381442e-10
9.124523359105297e-10
9.126210898102727e-10
9.127756328553005e-10
9.129053069045767e-10
9.130562972359257e-10
9.131913003557202e-10
9.133405143302298e-10
9.13452424811112e-10
9.135714407193518e-10
9.137117729096644e-10
9.138467760294589e-10
9.139622392240199e-10
9.140652679207051e-10
9.141700729742297e-10
9.142855361687907e-10
9.143903412223153e-10
9.145129098442339e-10
9.146159385409192e-10
9.147598234449106e-10
9.14877062996311e-10
9.150138424729448e-10
9.151364110948634e-10
9.152820723556943e-10
9.154241809028463e-10
9.155538549521225e-10
9.156870817150775e-10
9.158060976233173e-10
9.159517588841481e-10
9.161134073565336e-10
9.162466341194886e-10
9.163656500277284e-10
9.165042058612016e-10
9.166409853378354e-10
9.167777648144693e-10
9.169198733616213e-10
9.170442183403793e-10
9.171703396759767e-10
9.173035664389317e-10
9.174137005629746e-10
9.17557585466966e-10
9.176659432341694e-10
9.177725246445334e-10
9.178808824117368e-10
9.179963456062978e-10
9.181189142282165e-10
9.182326010659381e-10
9.183249716215869e-10
9.184084603930387e-10
9.185026073055269e-10
9.185914251474969e-10
9.186571503505547e-10
9.187335336946489e-10
9.187886007566703e-10
9.18857878673407e-10
9.189129457354284e-10
9.189502492290558e-10
9.190284089299894e-10
9.19097686846726e-10
9.191456484813898e-10
9.192007155434112e-10
9.192273608960022e-10
9.192504535349144e-10
9.192859806717024e-10
9.193446004474026e-10
9.193676930863148e-10
9.194014438662634e-10
9.194209837914968e-10
9.194476291440878e-10
9.19461839998803e-10
9.194813799240364e-10
9.195133543471457e-10
9.195257888450215e-10
9.195684214091671e-10
9.195773031933641e-10
9.195755268365247e-10
9.195950667617581e-10
9.196465811101007e-10
9.196821082468887e-10
9.196874373174069e-10
9.197265171678737e-10
9.197957950846103e-10
9.198242167940407e-10
9.198668493581863e-10
9.198792838560621e-10
9.199343509180835e-10
9.200089579053383e-10
9.200711303947173e-10
9.201333028840963e-10
9.202114625850299e-10
9.203056094975182e-10
9.203855455552912e-10
9.205081141772098e-10
9.206253537286102e-10
9.207568041347258e-10
9.208847018271626e-10
9.210143758764389e-10
9.211635898509485e-10
9.213128038254581e-10
9.214744522978435e-10
9.216361007702289e-10
9.21813736454169e-10
9.22000253922306e-10
9.222009822451582e-10
9.224159214227257e-10
9.226539532392053e-10
9.228955377693637e-10
9.23149556797398e-10
9.234124576096292e-10
9.236771347786998e-10
9.239631282298433e-10
9.242757670335777e-10
9.24636367471976e-10
9.249792043419802e-10
9.253398047803785e-10
9.257217215008495e-10
9.261018618644812e-10
9.264908840123098e-10
9.269065515127295e-10
9.27316889942631e-10
9.277556500819628e-10
9.281944102212947e-10
9.286758029247721e-10
9.29158971985089e-10
9.296403646885665e-10
9.301377446035985e-10
9.306315718049518e-10
9.311715842841295e-10
9.3173291304538e-10
9.322818073087547e-10
9.328502414973627e-10
9.334346628975254e-10
9.340208606545275e-10
9.346550200461934e-10
9.352465468737137e-10
9.358664954106644e-10
9.365024311591696e-10
9.371436959781931e-10
9.37822264290844e-10
9.384866217487797e-10
9.391740718456276e-10
9.398792855108695e-10
9.405773937487538e-10
9.412861601276745e-10
9.420002555771134e-10
9.427285618812675e-10
9.43449762758064e-10
9.441993853442909e-10
9.449507842873572e-10
9.456773142346719e-10
9.464304895345776e-10
9.471854411913228e-10
9.479492746322649e-10
9.487077790026888e-10
9.495035868667401e-10
9.503011710876308e-10
9.510809917401275e-10
9.518732468905e-10
9.526690547545513e-10
9.534186773407782e-10
9.541860634953991e-10
9.549658841478958e-10
9.55720835804641e-10
9.564740111045467e-10
9.5723429183181e-10
9.579768089906793e-10
9.587317606474244e-10
9.594849359473301e-10
9.601954786830902e-10
9.609184559167261e-10
9.616254459388074e-10
9.623253305335311e-10
9.629932407051456e-10
9.636558218062419e-10
9.643414955462504e-10
9.649880894357921e-10
9.656240251842974e-10
9.662688427169996e-10
9.669172129633807e-10
9.675424905708496e-10
9.681659918214791e-10
9.68773505860554e-10
9.693721381154319e-10
9.699387959472006e-10
9.705072301358086e-10
9.710365844739499e-10
9.715890314510034e-10
9.720881877228749e-10
9.725713567831917e-10
9.730634076277056e-10
9.735376949038255e-10
9.739764550431573e-10
9.744205442530074e-10
9.748593043923393e-10
9.752643137517225e-10
9.756533358995512e-10
9.760068309105918e-10
9.763727604195083e-10
9.767227027168701e-10
9.77063763230035e-10
9.773817311042876e-10
9.776996989785403e-10
9.779999032843989e-10
9.782841203787029e-10
9.785541266182918e-10
9.788241328578806e-10
9.790586119606814e-10
9.793037492045187e-10
9.795257938094437e-10
9.797176403480989e-10
9.79904157816236e-10
9.800800171433366e-10
9.802487710430796e-10
9.80392655947071e-10
9.805525280626171e-10
9.806893075392509e-10
9.808314160864029e-10
9.809415502104457e-10
9.810747769734007e-10
9.812097800931951e-10
9.812861634372894e-10
9.814034029886898e-10
9.815082080422144e-10
9.816059076683814e-10
9.816805146556362e-10
9.817533452860516e-10
9.818368340575034e-10
9.819096646879188e-10
9.819629553931009e-10
9.819842716751737e-10
9.820286805961587e-10
9.820837476581801e-10
9.821246038654863e-10
9.821530255749167e-10
9.821938817822229e-10
9.822400670600473e-10
9.822578306284413e-10
9.822933577652293e-10
9.823182267609809e-10
9.823359903293749e-10
9.823466484704113e-10
9.823626356819659e-10
9.823750701798417e-10
9.823875046777175e-10
9.824088209597903e-10
9.824123736734691e-10
9.824319135987025e-10
9.824390190260601e-10
9.824745461628481e-10
9.825171787269937e-10
9.825384950090665e-10
9.825722457890151e-10
9.825935620710879e-10
9.826290892078759e-10
9.82637970992073e-10
9.8264685277627e-10
9.826699454151822e-10
9.826752744857004e-10
9.826806035562186e-10
9.826877089835762e-10
9.826788271993792e-10
9.827214597635248e-10
9.827392233319188e-10
9.827587632571522e-10
9.827818558960644e-10
9.827925140371008e-10
9.828102776054948e-10
9.828031721781372e-10
9.828102776054948e-10
9.828351466012464e-10
9.82833370244407e-10
9.828315938875676e-10
9.828404756717646e-10
9.828386993149252e-10
9.828546865264798e-10
9.828280411738888e-10
9.82833370244407e-10
9.828298175307282e-10
9.828369229580858e-10
9.828191593896918e-10
9.828138303191736e-10
9.828085012486554e-10
9.827996194644584e-10
9.827960667507796e-10
9.82797843107619e-10
9.827925140371008e-10
9.827960667507796e-10
9.82780079539225e-10
9.82762315970831e-10
9.827392233319188e-10
9.827250124772036e-10
9.827303415477218e-10
9.827161306930066e-10
9.82726788834043e-10
9.827250124772036e-10
9.827250124772036e-10
9.827108016224884e-10
9.827036961951308e-10
9.827161306930066e-10
9.82700143481452e-10
9.827019198382914e-10
9.827285651908824e-10
9.82726788834043e-10
9.827250124772036e-10
9.8273567061824e-10
9.82744552402437e-10
9.827481051161158e-10
9.827516578297946e-10
9.82771197755028e-10
9.82806724891816e-10
9.82815606676013e-10
9.828529101696404e-10
9.828813318790708e-10
9.828919900201072e-10
9.828937663769466e-10
9.829523861526468e-10
9.830092295715076e-10
9.830447567082956e-10
9.831158109818716e-10
9.831779834712506e-10
9.832348268901114e-10
9.833076575205268e-10
9.833929226488181e-10
9.834781877771093e-10
9.835687819759187e-10
9.836824688136403e-10
9.837783920829679e-10
9.838903025638501e-10
9.840022130447323e-10
9.841354398076874e-10
9.842704429274818e-10
9.844125514746338e-10
9.845528836649464e-10
9.846967685689378e-10
9.848601933981627e-10
9.850325000115845e-10
9.852012539113275e-10
9.853824423089463e-10
9.855369853539742e-10
9.857235028221112e-10
9.859100202902482e-10
9.861107486131004e-10
9.863168060064709e-10
9.865424033250747e-10
9.867733297141967e-10
9.870309014559098e-10
9.872778150565864e-10
9.875300577277812e-10
9.877911821831731e-10
9.880629647796013e-10
9.883525109444236e-10
9.88620740827173e-10
9.889209451330316e-10
9.891998331568175e-10
9.894893793216397e-10
9.898126762664106e-10
9.901288677838238e-10
9.904734810106675e-10
9.907807907438837e-10
9.911449438959608e-10
9.914913334796438e-10
9.91834170349648e-10
9.921681254354553e-10
9.925376076580505e-10
9.929141953080034e-10
9.932890066011169e-10
9.936425016121575e-10
9.939959966231982e-10
9.943690315594722e-10
9.947260792841917e-10
9.950866797225899e-10
9.954899127251338e-10
9.95868276731926e-10
9.962448643818789e-10
9.966232283886711e-10
9.97008697822821e-10
9.97381732759095e-10
9.977902948321571e-10
9.981899751210221e-10
9.98566562770975e-10
9.989786775577159e-10
9.993801342034203e-10
9.99778038135446e-10
1.000195481992705e-09
1.000561411501621e-09
1.000936222794735e-09
1.001321692228885e-09
1.00171959616091e-09
1.002087302026666e-09
1.002446126108225e-09
1.00281738468766e-09
1.003192195980773e-09
1.003551020062332e-09
1.003900962359694e-09
1.004272220939129e-09
1.004620386879651e-09
1.004973881890692e-09
1.005322047831214e-09
1.005657779273861e-09
1.005993510716507e-09
1.006320360374957e-09
1.006645433676567e-09
1.006954519766623e-09
1.007267158570357e-09
1.00755670473518e-09
1.007835592758966e-09
1.008144678849021e-09
1.008421790515968e-09
1.008663375046126e-09
1.00891739407416e-09
1.009212269309501e-09
1.009448524769141e-09
1.009683003871942e-09
1.009890837622152e-09
1.010093342301843e-09
1.010326045047805e-09
1.010539207868533e-09
1.0107541470461e-09
1.010942440871077e-09
1.01111119477082e-09
1.011263961459008e-09
1.011468242495539e-09
1.011633443681603e-09
1.011800421224507e-09
1.011944306128498e-09
1.012102401887205e-09
1.01226405035959e-09
1.012416817047779e-09
1.012521622101303e-09
1.012665507005295e-09
1.012791628340892e-09
1.012921302390168e-09
1.013017225659496e-09
1.013129136140378e-09
1.013217953982348e-09
1.013328088106391e-09
1.013429340446237e-09
1.013498618362974e-09
1.013592765275462e-09
1.013642503266965e-09
1.013695793972147e-09
1.013752637391008e-09
1.01380592809619e-09
1.013855666087693e-09
1.013914285863393e-09
1.013976458352772e-09
1.014008432775881e-09
1.014063499837903e-09
1.014084816119976e-09
1.014141659538836e-09
1.014164752177749e-09
1.014198502957697e-09
1.014255346376558e-09
1.014306860724901e-09
1.014345940575367e-09
1.014386796782674e-09
1.014406336707907e-09
1.014438311131016e-09
1.014466732840447e-09
1.014502259977235e-09
1.014521799902468e-09
1.014543116184541e-09
1.014555550682417e-09
1.014560879752935e-09
1.014589301462365e-09
1.014601735960241e-09
1.014630157669671e-09
1.014656803022262e-09
1.01469233015905e-09
1.014718975511641e-09
1.014761608075787e-09
1.01478114800102e-09
1.014800687926254e-09
1.01481312242413e-09
1.014837991419881e-09
1.014859307701954e-09
1.014861084058793e-09
1.014880623984027e-09
1.014877071270348e-09
1.014907269336618e-09
1.014955230971282e-09
1.014967665469158e-09
1.014976547253355e-09
1.014997863535427e-09
1.015006745319624e-09
1.014992534464909e-09
1.015040496099573e-09
1.015074246879522e-09
1.015076023236361e-09
1.015088457734237e-09
1.015115103086828e-09
1.015125761227864e-09
1.015132866655222e-09
1.015148853866776e-09
1.015161288364652e-09
1.015184381003564e-09
1.015193262787761e-09
1.015212802712995e-09
1.015212802712995e-09
1.015212802712995e-09
1.015212802712995e-09
1.015230566281389e-09
1.015232342638228e-09
1.015253658920301e-09
1.015273198845534e-09
1.015301620554965e-09
1.01528563334341e-09
1.015292738770768e-09
1.015299844198125e-09
1.015308725982322e-09
1.015312278696001e-09
1.015306949625483e-09
1.015338924048592e-09
1.015365569401183e-09
1.01537445118538e-09
1.015369122114862e-09
1.01537622754222e-09
1.015390438396935e-09
1.015395767467453e-09
1.015393991110614e-09
1.015417083749526e-09
1.01543307096108e-09
1.015461492670511e-09
1.015468598097868e-09
1.015470374454708e-09
1.015472150811547e-09
1.015495243450459e-09
1.015498796164138e-09
1.015527217873569e-09
1.015537876014605e-09
1.015559192296678e-09
1.015589390362948e-09
1.01561248300186e-09
1.015639128354451e-09
1.015663997350202e-09
1.015690642702793e-09
1.015704853557509e-09
1.015726169839581e-09
1.015751038835333e-09
1.015781236901603e-09
1.015811434967873e-09
1.015868278386733e-09
1.015902029166682e-09
1.015976636153937e-09
1.016021045074922e-09
1.016069006709586e-09
1.016111639273731e-09
1.016189798974665e-09
1.016241313323007e-09
1.016310591239744e-09
1.016369211015444e-09
1.016429607147984e-09
1.016491779637363e-09
1.016555728483581e-09
1.01661790097296e-09
1.016696060673894e-09
1.016772444017988e-09
1.01688435449887e-09
1.016976725054519e-09
1.017077977394365e-09
1.01718100609105e-09
1.017264494862502e-09
1.017392392554939e-09
1.017520290247376e-09
1.017616213516703e-09
1.017721018570228e-09
1.017866679831059e-09
1.017991024809817e-09
1.018111817074896e-09
1.018232609339975e-09
1.018374717887127e-09
1.018511497363761e-09
1.018639395056198e-09
1.018769069105474e-09
1.018905848582108e-09
1.019031969917705e-09
1.019163420323821e-09
1.019309081584652e-09
1.01943165020657e-09
1.019584416894759e-09
1.019717643657714e-09
1.019834883209114e-09
1.019992978967821e-09
1.020138640228652e-09
1.020282525132643e-09
1.020424633679795e-09
1.020584505795341e-09
1.020742601554048e-09
1.020929119022185e-09
1.02109076749457e-09
1.021227546971204e-09
1.021399853584626e-09
1.021581041982245e-09
1.021785323018776e-09
1.021946971491161e-09
1.022105067249868e-09
1.022288032004326e-09
1.022447904119872e-09
1.022625539803812e-09
1.022815609985628e-09
1.022989692955889e-09
1.023185092208223e-09
1.023364504249002e-09
1.023542139932943e-09
1.023719775616883e-09
1.023884976802947e-09
1.02405373070269e-09
1.024263340809739e-09
1.024432094709482e-09
1.024588414111349e-09
1.024767826152129e-09
1.024943685479229e-09
1.025108886665294e-09
1.025304285917628e-09
1.025467710746852e-09
1.02565245185815e-09
1.02580166583266e-09
1.0259793015166e-09
1.026153384486861e-09
1.026307927531889e-09
1.026474905074792e-09
1.026636553547178e-09
1.026773333023812e-09
1.026917217927803e-09
1.027046891977079e-09
1.02719255323791e-09
1.027327556357704e-09
1.027443019552265e-09
1.027567364531023e-09
1.027689933152942e-09
1.027835594413773e-09
1.027965268463049e-09
1.028087837084968e-09
1.02819974756585e-09
1.028359619681396e-09
1.028457319307563e-09
1.028549689863212e-09
1.028647389489379e-09
1.028745089115546e-09
1.028858775953267e-09
1.028936935654201e-09
1.029007989927777e-09
1.029063056989798e-09
1.029127005836017e-09
1.029182072898038e-09
1.029269114383169e-09
1.029349050440942e-09
1.029437868282912e-09
1.029514251627006e-09
1.029563989618509e-09
1.029619056680531e-09
1.029686558240428e-09
1.029761165227683e-09
1.029819785003383e-09
1.029878404779083e-09
1.029928142770586e-09
1.030004526114681e-09
1.030032947824111e-09
1.030038276894629e-09
1.030068474960899e-09
1.030121765666081e-09
1.030162621873387e-09
1.030182161798621e-09
1.030215912578569e-09
1.030237228860642e-09
1.030262097856394e-09
1.030288743208985e-09
1.030324270345773e-09
1.030320717632094e-09
1.030338481200488e-09
1.030363350196239e-09
1.030377561050955e-09
1.030384666478312e-09
1.030398877333027e-09
1.0304201936151e-09
1.030430851756137e-09
1.030437957183494e-09
1.030443286254012e-09
1.030448615324531e-09
1.030452168038209e-09
1.030448615324531e-09
1.030461049822406e-09
1.030473484320282e-09
1.030498353316034e-09
1.030500129672873e-09
1.030496576959194e-09
1.030500129672873e-09
1.030496576959194e-09
1.03048058974764e-09
1.030507235100231e-09
1.030487695174997e-09
1.030477037033961e-09
1.030471707963443e-09
1.030485918818158e-09
1.030484142461319e-09
1.030491247888676e-09
1.030500129672873e-09
1.030523222311786e-09
1.030537433166501e-09
1.030524998668625e-09
1.030512564170749e-09
1.030501906029713e-09
1.030523222311786e-09
1.030517893241267e-09
1.030537433166501e-09
1.030535656809661e-09
1.030523222311786e-09
1.030505458743392e-09
1.030519669598107e-09
1.030505458743392e-09
1.030494800602355e-09
1.030485918818158e-09
1.030462826179246e-09
1.030432628112976e-09
1.030434404469815e-09
1.030413088187743e-09
1.030425522685618e-09
1.030414864544582e-09
1.030395324619349e-09
1.030402430046706e-09
1.030414864544582e-09
1.030423746328779e-09
1.030434404469815e-09
1.030405982760385e-09
1.030386442835152e-09
1.030359797482561e-09
1.030343810271006e-09
1.030340257557327e-09
1.030358021125721e-09
1.030345586627845e-09
1.030315388561576e-09
1.030292295922663e-09
1.030288743208985e-09
1.030281637781627e-09
1.030263874213233e-09
1.030230123433284e-09
1.030223018005927e-09
1.03021413622173e-09
1.030207030794372e-09
1.030187490869139e-09
1.030166174587066e-09
1.030178609084942e-09
1.030180385441781e-09
1.030196372653336e-09
1.030194596296496e-09
1.030180385441781e-09
1.030169727300745e-09
1.030176832728102e-09
1.030199925367015e-09
1.030208807151212e-09
1.030223018005927e-09
1.030226570719606e-09
1.030228347076445e-09
1.030215912578569e-09
1.030246110644839e-09
1.030251439715357e-09
1.030262097856394e-09
1.030263874213233e-09
1.030274532354269e-09
1.030270979640591e-09
1.030269203283751e-09
1.030290519565824e-09
1.030306506777379e-09
1.030317164918415e-09
1.030317164918415e-09
1.030354468412042e-09
1.0303615738394e-09
1.030377561050955e-09
1.030377561050955e-09
1.030405982760385e-09
1.030437957183494e-09
1.030462826179246e-09
1.030487695174997e-09
1.030533880452822e-09
1.030572960303289e-09
1.030604934726398e-09
1.030665330858938e-09
1.030697305282047e-09
1.030773688626141e-09
1.030834084758681e-09
1.030855401040753e-09
1.030908691745935e-09
1.030935337098526e-09
1.030976193305833e-09
1.031008167728942e-09
1.031049023936248e-09
1.031095209214072e-09
1.031146723562415e-09
1.031173368915006e-09
1.031201790624436e-09
1.031224883263349e-09
1.03125152861594e-09
1.031319030175837e-09
1.031386531735734e-09
1.031425611586201e-09
1.031477125934543e-09
1.031549956564959e-09
1.031638774406929e-09
1.03169384146895e-09
1.031747132174132e-09
1.031786212024599e-09
1.031846608157139e-09
1.031898122505481e-09
1.031965624065379e-09
1.032031349268436e-09
1.032098850828334e-09
1.032184115956625e-09
1.032265828371237e-09
1.032322671790098e-09
1.032409713275229e-09
1.03249497840352e-09
1.032555374536059e-09
1.032622876095957e-09
1.032697483083211e-09
1.032770313713627e-09
1.032852026128239e-09
1.032926633115494e-09
1.033015450957464e-09
1.033081176160522e-09
1.033164664931974e-09
1.033255259130783e-09
1.033333418831717e-09
1.033393814964256e-09
1.033477303735708e-09
1.033576779718715e-09
1.033669150274363e-09
1.033731322763742e-09
1.033802377037318e-09
1.033862773169858e-09
1.033937380157113e-09
1.034022645285404e-09
1.034106134056856e-09
1.034200280969344e-09
1.03429975695235e-09
1.034379693010123e-09
1.034438312785824e-09
1.034534236055151e-09
1.034587526760333e-09
1.034678120959143e-09
1.034756280660076e-09
1.034871743854637e-09
1.034960561696607e-09
1.035044050468059e-09
1.035118657455314e-09
1.03516129001946e-09
1.03525010786143e-09
1.035312280350809e-09
1.03539576912226e-09
1.035436625329567e-09
1.035507679603143e-09
1.035623142797704e-09
1.035701302498637e-09
1.035731500564907e-09
1.035823871120556e-09
1.035868280041541e-09
1.035910912605686e-09
1.035957097883511e-09
1.036008612231853e-09
1.036067232007554e-09
1.036124075426414e-09
1.036182695202115e-09
1.036235985907297e-09
1.036269736687245e-09
1.036310592894552e-09
1.036333685533464e-09
1.036379870811288e-09
1.036426056089113e-09
1.036507768503725e-09
1.036559282852068e-09
1.036609020843571e-09
1.036632113482483e-09
1.036656982478235e-09
1.036678298760307e-09
1.036719154967614e-09
1.036742247606526e-09
1.036781327456993e-09
1.036820407307459e-09
1.036836394519014e-09
1.036864816228444e-09
1.036863039871605e-09
1.036884356153678e-09
1.036905672435751e-09
1.03693587050202e-09
1.036978503066166e-09
1.036971397638808e-09
1.036969621281969e-09
1.036990937564042e-09
1.037005148418757e-09
1.037014030202954e-09
1.03702468834399e-09
1.037061991837618e-09
1.037088637190209e-09
1.037093966260727e-09
1.03708508447653e-09
1.037086860833369e-09
1.037109953472282e-09
1.0371152825428e-09
1.037095742617566e-09
1.037079755406012e-09
1.0371152825428e-09
1.037125940683836e-09
1.037133046111194e-09
1.037136598824873e-09
1.037118835256479e-09
1.037131269754354e-09
1.037108177115442e-09
1.037122387970157e-09
1.037133046111194e-09
1.037131269754354e-09
1.037149033322748e-09
1.03714370425223e-09
1.037149033322748e-09
1.037147256965909e-09
1.037154362393267e-09
1.037181007745858e-09
1.037177455032179e-09
1.037186336816376e-09
1.037195218600573e-09
1.037218311239485e-09
1.037228969380521e-09
1.037236074807879e-09
1.037252062019434e-09
1.037253838376273e-09
1.037269825587828e-09
1.03726272016047e-09
1.037269825587828e-09
1.037287589156222e-09
1.037316010865652e-09
1.037330221720367e-09
1.037326669006688e-09
1.037331998077207e-09
1.037330221720367e-09
1.037296470940419e-09
1.037328445363528e-09
1.037317787222491e-09
1.037316010865652e-09
1.037314234508813e-09
1.037319563579331e-09
1.037328445363528e-09
1.037326669006688e-09
1.037339103504564e-09
1.037339103504564e-09
1.037358643429798e-09
1.037363972500316e-09
1.037369301570834e-09
1.037397723280264e-09
1.037394170566586e-09
1.037426144989695e-09
1.037415486848658e-09
1.037422592276016e-09
1.037443908558089e-09
1.037438579487571e-09
1.037422592276016e-09
1.037427921346534e-09
1.037427921346534e-09
1.037424368632855e-09
1.037433250417052e-09
1.037422592276016e-09
1.037472330267519e-09
1.037491870192753e-09
1.037509633761147e-09
1.037522068259022e-09
1.037522068259022e-09
1.037522068259022e-09
1.037514962831665e-09
1.037538055470577e-09
1.037550489968453e-09
1.037554042682132e-09
1.037550489968453e-09
1.037571806250526e-09
1.037596675246277e-09
1.037609109744153e-09
1.037605557030474e-09
1.037614438814671e-09
1.037598451603117e-09
1.037614438814671e-09
1.037621544242029e-09
1.037621544242029e-09
1.037630426026226e-09
1.03764818959462e-09
1.037649965951459e-09
1.037623320598868e-09
1.037657071378817e-09
1.037683716731408e-09
1.037680164017729e-09
1.037662400449335e-09
1.037680164017729e-09
1.037674834947211e-09
1.03767838766089e-09
1.037701480299802e-09
1.037710362083999e-09
1.037733454722911e-09
1.037744112863948e-09
1.037763652789181e-09
1.037774310930217e-09
1.037793850855451e-09
1.037827601635399e-09
1.037841812490115e-09
1.037868457842706e-09
1.037895103195297e-09
1.037918195834209e-09
1.037925301261566e-09
1.037955499327836e-09
1.037957275684676e-09
1.037959052041515e-09
1.037983921037267e-09
1.037992802821464e-09
1.038008790033018e-09
1.038007013676179e-09
1.038014119103536e-09
1.038023000887733e-09
1.038047869883485e-09
1.038083397020273e-09
1.038131358654937e-09
1.038177543932761e-09
1.038202412928513e-09
1.038250374563177e-09
1.038261032704213e-09
1.038284125343125e-09
1.038305441625198e-09
1.038332086977789e-09
1.038355179616701e-09
1.038367614114577e-09
1.038403141251365e-09
1.038422681176598e-09
1.038443997458671e-09
1.038465313740744e-09
1.038481300952299e-09
1.038513275375408e-09
1.038557684296393e-09
1.038589658719502e-09
1.038628738569969e-09
1.038660712993078e-09
1.038710450984581e-09
1.038726438196136e-09
1.038747754478209e-09
1.038804597897069e-09
1.038841901390697e-09
1.038888086668521e-09
1.038930719232667e-09
1.038975128153652e-09
1.038994668078885e-09
1.039046182427228e-09
1.03904085335671e-09
1.039067498709301e-09
1.03909947313241e-09
1.039117236700804e-09
1.039168751049147e-09
1.039225594468007e-09
1.039268227032153e-09
1.039298425098423e-09
1.039332175878371e-09
1.039349939446765e-09
1.039383690226714e-09
1.039444086359254e-09
1.039486718923399e-09
1.039516916989669e-09
1.03954356234226e-09
1.039563102267493e-09
1.039577313122209e-09
1.039634156541069e-09
1.039650143752624e-09
1.039683894532573e-09
1.039712316242003e-09
1.039714092598842e-09
1.039747843378791e-09
1.039778041445061e-09
1.039797581370294e-09
1.0398384375776e-09
1.039856201145994e-09
1.039872188357549e-09
1.039897057353301e-09
1.039920149992213e-09
1.039936137203767e-09
1.03995745348584e-09
1.039989427908949e-09
1.040021402332059e-09
1.040055153112007e-09
1.040060482182525e-09
1.040085351178277e-09
1.040103114746671e-09
1.040117325601386e-09
1.040147523667656e-09
1.040167063592889e-09
1.04019370894548e-09
1.040211472513874e-09
1.040238117866465e-09
1.040278974073772e-09
1.040305619426363e-09
1.040286079501129e-09
1.040300290355844e-09
1.040323382994757e-09
1.040323382994757e-09
1.040350028347348e-09
1.04034292291999e-09
1.040325159351596e-09
1.040325159351596e-09
1.040350028347348e-09
1.040353581061026e-09
1.040382002770457e-09
1.040367791915742e-09
1.040369568272581e-09
1.040364239202063e-09
1.040385555484136e-09
1.040369568272581e-09
1.04040331905253e-09
1.04037134462942e-09
1.040374897343099e-09
1.040369568272581e-09
1.040387331840975e-09
1.040355357417866e-09
1.040357133774705e-09
1.040360686488384e-09
1.040362462845223e-09
1.040382002770457e-09
1.040396213625172e-09
1.040385555484136e-09
1.040406871766208e-09
1.040378450056778e-09
1.040374897343099e-09
1.040392660911493e-09
1.040385555484136e-09
1.040382002770457e-09
1.040382002770457e-09
1.040364239202063e-09
1.040357133774705e-09
1.040364239202063e-09
1.040369568272581e-09
1.040382002770457e-09
1.040367791915742e-09
1.040369568272581e-09
1.040366015558902e-09
1.040351804704187e-09
1.040357133774705e-09
1.040374897343099e-09
1.040367791915742e-09
1.040390884554654e-09
1.040408648123048e-09
1.040399766338851e-09
1.040396213625172e-09
1.040399766338851e-09
1.040383779127296e-09
1.040387331840975e-09
1.040410424479887e-09
1.04040331905253e-09
1.040413977193566e-09
1.040410424479887e-09
1.040413977193566e-09
1.040421082620924e-09
1.040390884554654e-09
1.040378450056778e-09
1.040389108197814e-09
1.040392660911493e-09
1.040410424479887e-09
1.040405095409369e-09
1.040412200836727e-09
1.040421082620924e-09
1.040415753550405e-09
1.040412200836727e-09
1.040399766338851e-09
1.04040154269569e-09
1.040406871766208e-09
1.040417529907245e-09
1.04040331905253e-09
1.040383779127296e-09
1.040392660911493e-09
1.040383779127296e-09
1.040367791915742e-09
1.040374897343099e-09
1.040362462845223e-09
1.040374897343099e-09
1.040390884554654e-09
1.040358910131545e-09
1.040360686488384e-09
1.04037312098626e-09
1.040385555484136e-09
1.040394437268333e-09
1.040394437268333e-09
1.040406871766208e-09
1.040413977193566e-09
1.040413977193566e-09
1.040408648123048e-09
1.040396213625172e-09
1.040406871766208e-09
1.0404335171188e-09
1.040440622546157e-09
1.040444175259836e-09
1.04043174076196e-09
1.040429964405121e-09
1.040429964405121e-09
1.040435293475639e-09
1.040422858977763e-09
1.04040154269569e-09
1.04040154269569e-09
1.040397989982011e-09
1.040410424479887e-09
1.040413977193566e-09
1.040428188048281e-09
1.040426411691442e-09
1.040456609757712e-09
1.04046193882823e-09
1.04046193882823e-09
1.040449504330354e-09
1.040447727973515e-09
1.040444175259836e-09
1.040444175259836e-09
1.040444175259836e-09
1.040435293475639e-09
1.040438846189318e-09
1.040449504330354e-09
1.040428188048281e-09
1.040422858977763e-09
1.040426411691442e-09
1.040422858977763e-09
1.040410424479887e-09
1.040406871766208e-09
1.04040331905253e-09
1.040408648123048e-09
1.040424635334602e-09
1.040428188048281e-09
1.040447727973515e-09
1.04046193882823e-09
1.040481478753463e-09
1.040479702396624e-09
1.040497465965018e-09
1.040501018678697e-09
1.040515229533412e-09
1.040511676819733e-09
1.04052055860393e-09
1.040524111317609e-09
1.040513453176573e-09
1.040534769458645e-09
1.040548980313361e-09
1.040575625665952e-09
1.040593389234346e-09
1.040616481873258e-09
1.040607600089061e-09
1.040614705516418e-09
1.040618258230097e-09
1.040643127225849e-09
1.04063957451217e-09
1.040657338080564e-09
1.04066977257844e-09
1.040673325292119e-09
1.040673325292119e-09
1.040687536146834e-09
1.040675101648958e-09
1.040705299715228e-09
1.04072839235414e-09
1.040776353988804e-09
1.040802999341395e-09
