1.570752550250631e-07
4.711433403414844e-07
7.849524292780075e-07
1.098330359106114e-06
1.411104846305022e-06
1.723104041673196e-06
2.034156519670205e-06
2.344091627470846e-06
2.652739340192056e-06
2.959930503365626e-06
3.265496888005259e-06
3.569271436631993e-06
3.871088154028257e-06
4.170782360368719e-06
4.468190844875153e-06
4.763151819631162e-06
5.055505115869607e-06
5.345092346509261e-06
5.63175681378425e-06
5.915343882278989e-06
6.195700895439415e-06
6.472677203994692e-06
6.746124527445829e-06
7.015896845707914e-06
7.281850532336875e-06
7.543844445123682e-06
7.801740070867424e-06
8.055401551132491e-06
8.304695834127074e-06
8.549492730658415e-06
8.78966493100819e-06
9.025088111513924e-06
9.255641167271733e-06
9.481206105554918e-06
9.701668123973661e-06
9.916915869823129e-06
1.012684128731678e-05
1.033133983519008e-05
1.053031041831076e-05
1.072365559107169e-05
1.091128150765286e-05
1.109309803393188e-05
1.126901890202703e-05
1.14389614811472e-05
1.160284709467163e-05
1.176060094376652e-05
1.191215223794728e-05
1.205743405385817e-05
1.219638357063957e-05
1.232894211256053e-05
1.245505497848853e-05
1.257467157600445e-05
1.268774558838004e-05
1.279423475519792e-05
1.289410103755273e-05
1.298731064824921e-05
1.307383401449869e-05
1.31536457947945e-05
1.322672487713561e-05
1.329305445807449e-05
1.335262188195685e-05
1.340541889049973e-05
1.34514413945297e-05
1.349068960454503e-05
1.352316784775098e-05
1.354888482119065e-05
1.356785338035849e-05
1.358009057383924e-05
1.358561760511634e-05
1.358445978993927e-05
1.357664668777403e-05
1.356221181492145e-05
1.354119281682387e-05
1.351363148049955e-05
1.347957339259409e-05
1.343906814543772e-05
1.3392169285531e-05
1.333893416788356e-05
1.327942399687032e-05
1.32137037374136e-05
1.314184200040813e-05
1.306391118482964e-05
1.297998709226533e-05
1.28901491729394e-05
1.279448039070985e-05
1.269306704809736e-05
1.258599876763355e-05
1.247336849186098e-05
1.235527233589551e-05
1.223180951548386e-05
1.210308227594936e-05
1.196919591439638e-05
1.183025863493725e-05
1.16863813008905e-05
1.153767757156032e-05
1.138426373703538e-05
1.122625872529426e-05
1.106378376825035e-05
1.089696256428851e-05
1.072592111128756e-05
1.055078756184713e-05
1.037169217621425e-05
1.01887671970502e-05
1.000214684410139e-05
9.811967004225153e-06
9.618365377939142e-06
9.421481278693022e-06
9.22145548098996e-06
9.018430157325952e-06
8.812548792036523e-06
8.60395614399323e-06
8.392797985479206e-06
8.179221107518231e-06
7.963373263919493e-06
7.745402941239377e-06
7.525459197132989e-06
7.303691827331704e-06
7.08025110363053e-06
6.855287556284395e-06
6.62895205039149e-06
6.401395674870969e-06
6.172769485779384e-06
5.943224470783548e-06
5.712911584687674e-06
5.481981411037395e-06
5.250584252713963e-06
5.018869852158048e-06
4.786987545024601e-06
4.555085958202199e-06
4.323312926324263e-06
4.091815341666916e-06
3.86073929092845e-06
3.630229734596924e-06
3.400430503397445e-06
3.171484139308234e-06
2.943531979937575e-06
2.716713797923376e-06
2.491167807150418e-06
2.267030810187975e-06
2.044437788839559e-06
1.823521870392142e-06
1.604414420874889e-06
1.387244823902734e-06
1.172140406957567e-06
9.592264493818448e-07
7.486259780975502e-07
5.404598111269365e-07
3.348463053498563e-07
1.319014684142417e-07
6.826107679103188e-08
2.655304376375511e-07
4.597982412590795e-07
6.509587713310339e-07
8.389091332716703e-07
1.023549146772496e-06
1.204781566066515e-06
1.382511983116785e-06
1.556649114498043e-06
1.727104486093367e-06
1.893792870966138e-06
2.056632060210006e-06
2.215542988182051e-06
2.370449799116159e-06
2.521279926170905e-06
2.667964034586134e-06
2.810436078526379e-06
2.94863334637796e-06
3.082496506046084e-06
3.211969574756779e-06
3.337000085146258e-06
3.457538875650812e-06
3.573540245049855e-06
3.684962017302951e-06
3.791765449179252e-06
3.893915324404418e-06
3.991379895929015e-06
4.084130860171342e-06
4.172143516889548e-06
4.255396586216875e-06
4.333872325901211e-06
4.407556415841896e-06
4.476438078881984e-06
4.540510047057467e-06
4.599768388402481e-06
4.654212768073762e-06
4.703846193443439e-06
4.748675037191674e-06
4.788709126124502e-06
4.823961625710638e-06
4.854449034752406e-06
4.880191120548716e-06
4.901210962415803e-06
4.917534885073849e-06
4.929192305880292e-06
4.936215918682763e-06
4.93864151351886e-06
4.936507918884558e-06
4.929856972424318e-06
4.918733552905508e-06
4.903185430116253e-06
4.883263333255172e-06
4.859020690695104e-06
4.830513858244956e-06
4.797801741673879e-06
4.760946046289405e-06
4.720011000713953e-06
4.675063418169145e-06
4.626172594335287e-06
4.573410121722077e-06
4.516850053093435e-06
4.456568740707212e-06
4.392644629369613e-06
4.325158398543749e-06
4.254192778496702e-06
4.179832386874693e-06
4.10216391433238e-06
4.021275779031441e-06
3.937258266084598e-06
3.850203263766616e-06
3.760204349667617e-06
3.667356573977543e-06
3.571756494125111e-06
3.473501969608606e-06
3.372692270353639e-06
3.269427717889073e-06
3.163809912720694e-06
3.055941512286608e-06
2.945926016018063e-06
2.833867919882493e-06
2.719872423284642e-06
2.604045519660758e-06
2.486493808184775e-06
2.367324495544665e-06
2.246645245840284e-06
2.124563979855054e-06
2.001189090883315e-06
1.876629057484536e-06
1.750992615789926e-06
1.624388481502592e-06
1.496925344568467e-06
1.368711849636384e-06
1.239856405099715e-06
1.110467145792882e-06
9.806518450616863e-07
8.505178916706768e-07
7.201721201610667e-07
5.897208499305862e-07
4.592696720706613e-07
3.289234831171939e-07
1.98786365146475e-07
6.896149518098582e-08
6.044886990963505e-08
1.893436163413753e-07
3.176225735757043e-07
4.45186765674066e-07
5.719385791636e-07
6.977815489861428e-07
8.226207075523462e-07
9.463623928951392e-07
1.068914517787789e-06
1.190186512900482e-06
1.310089441375339e-06
1.428536107184186e-06
1.545440865946546e-06
1.660720035268071e-06
1.774291682465901e-06
1.886075757795425e-06
1.99599423034158e-06
2.103970913935882e-06
2.209931770913443e-06
2.313804805531561e-06
2.415520144793959e-06
2.515010033121712e-06
2.612209048180603e-06
2.707053790906855e-06
2.799483301174632e-06
2.88943890591753e-06
2.976864172055116e-06
3.061705098339473e-06
3.143910078051704e-06
3.223429900778285e-06
3.300217780832782e-06
3.3742294371919e-06
3.445423010894899e-06
3.513759087248047e-06
3.579200980929897e-06
3.641714335422819e-06
3.701267298872324e-06
3.757830681294649e-06
3.81137779470464e-06
3.861884512623703e-06
3.909329247875348e-06
3.9536929561379e-06
3.994959206998772e-06
4.033114054280418e-06
4.068146123969996e-06
4.100046576027694e-06
4.128809114156695e-06
4.154429895208978e-06
4.176907668629326e-06
4.19624363168225e-06
4.212441470308192e-06
4.225507302280107e-06
4.235449750034093e-06
4.242279764810064e-06
4.246010722575022e-06
4.246658337869746e-06
4.244240787265596e-06
4.238778451792768e-06
4.23029397200736e-06
4.218812271972183e-06
4.204360577908517e-06
4.186968171282501e-06
4.166666529137331e-06
4.143489205965523e-06
4.1174719456194e-06
4.088652406863957e-06
4.057070237095672e-06
4.02276704036808e-06
3.985786346305531e-06
3.946173494639993e-06
3.903975681396332e-06
3.859241833659155e-06
3.812022554505745e-06
3.762370170967699e-06
3.710338542184388e-06
3.65598313045723e-06
3.599360880457425e-06
3.540530188139712e-06
3.479550827023559e-06
3.416483941087733e-06
3.351391875128229e-06
3.284338307096846e-06
3.215387969213168e-06
3.144606788296755e-06
3.072061661058001e-06
2.997820513606086e-06
2.921952189538501e-06
2.844526370893163e-06
2.765613623445518e-06
2.685285191539322e-06
2.60361298476397e-06
2.520669611705273e-06
2.436528180105313e-06
2.351262335942295e-06
2.264946169283633e-06
2.17765411392179e-06
2.089460937604315e-06
2.000441684302245e-06
1.910671523219776e-06
1.820225850046597e-06
1.729180045373369e-06
1.637609602589407e-06
1.545589888962695e-06
1.453196133205381e-06
1.360503507186195e-06
1.267586924313946e-06
1.174520977365034e-06
1.08137990562085e-06
9.882376259540138e-07
8.951675383173097e-07
8.022425310727499e-07
7.095349774388637e-07
6.17116591605793e-07
5.250584598215369e-07
4.334308743025872e-07
3.423034335980901e-07
2.517448605132699e-07
1.618230021094291e-07
7.260480217041732e-08
1.58462238886159e-08
1.034601986305006e-07
1.901757613609334e-07
2.759300654631147e-07
3.606614864537505e-07
4.443096583983674e-07
5.268153282500521e-07
6.08120601874873e-07
6.881688712212508e-07
7.669049129077621e-07
8.442748189452232e-07
9.202261201934903e-07
9.9470779169053e-07
1.067670348575689e-06
1.139065813227091e-06
1.208847671740898e-06
1.276971126173976e-06
1.343392786345987e-06
1.408071049979753e-06
1.470965824701409e-06
1.532038839791028e-06
1.591253410815341e-06
1.648574581736284e-06
1.703969161326313e-06
1.757405617475172e-06
1.808854236173829e-06
1.858287051348384e-06
1.905677858182742e-06
1.951002330358165e-06
1.994237802449561e-06
2.035363594110606e-06
2.074360614834347e-06
2.11121182047691e-06
2.14590183666985e-06
2.178417084053308e-06
2.208745932819056e-06
2.236878560601951e-06
2.262806815700458e-06
2.286524488859243e-06
2.308027142738922e-06
2.327312119021485e-06
2.344378588148288e-06
2.359227388559759e-06
2.371861328676061e-06
2.382284787216804e-06
2.390503976990033e-06
2.396526841863533e-06
2.400362891563645e-06
2.402023499215034e-06
2.401521669526119e-06
2.398872022801868e-06
2.394090802937399e-06
2.387195873865267e-06
2.378206658271154e-06
2.367144174897362e-06
2.354030989693001e-06
2.338891132325216e-06
2.321750130818145e-06
2.302634834805417e-06
2.2815737343862e-06
2.258596533799562e-06
2.233734392120823e-06
2.207019688782452e-06
2.178486122161871e-06
2.148168702476028e-06
2.116103543947645e-06
2.082328088626184e-06
2.046880724471123e-06
2.009801135294254e-06
1.971129951705564e-06
1.930908817726618e-06
1.889180465397544e-06
1.845988502502394e-06
1.801377419674566e-06
1.755392680991008e-06
1.708080463735939e-06
1.659487661953563e-06
1.609662105828136e-06
1.558652202859889e-06
1.506507004478408e-06
1.453276228247091e-06
1.39901011397825e-06
1.343759407745893e-06
1.287575349451231e-06
1.230509661276358e-06
1.172614403799344e-06
1.113941992869627e-06
1.054545125889206e-06
9.944767711544955e-07
9.337901341055499e-07
8.72538516105692e-07
8.107754707609161e-07
7.485544903929053e-07
6.859292218663882e-07
6.229532472090682e-07
5.596801297969023e-07
4.96163320207188e-07
4.324560984869663e-07
3.68611619450121e-07
3.046828522812461e-07
2.407224348743853e-07
1.767827537690891e-07
1.129158357926485e-07
4.917329032849693e-08
1.439362495858632e-08
7.773412136202751e-08
1.40797935088699e-07
2.03535350351558e-07
2.658971496316553e-07
3.27834742464006e-07
3.893002125110456e-07
4.50246304239954e-07
5.106264850951447e-07
5.703949783608664e-07
6.29506655691614e-07
6.879173737317501e-07
7.455837103265139e-07
8.024631776848423e-07
8.58514195734017e-07
9.13695965998329e-07
9.679687478225674e-07
1.021293773995069e-06
1.073633286274855e-06
1.124950546937953e-06
1.175209845882819e-06
1.224376570796437e-06
1.272417189390751e-06
1.31929928404162e-06
1.364991608632238e-06
1.409463961543622e-06
1.452687431680033e-06
1.494634196852473e-06
1.53527772539519e-06
1.57459260385906e-06
1.612554777707942e-06
1.649141276871546e-06
1.684330469764461e-06
1.718101933612104e-06
1.750436659619936e-06
1.781316703031166e-06
1.810725602346963e-06
1.838648019614197e-06
1.865069974016365e-06
1.889978804570092e-06
1.913363145256142e-06
1.935212900150418e-06
1.955519290497421e-06
1.974274804972254e-06
1.99147329915661e-06
2.007109849877509e-06
2.021180889322238e-06
2.03368407891702e-06
2.044618369723139e-06
2.053984061944902e-06
2.061782605089491e-06
2.068016820899743e-06
2.072690641341524e-06
2.075809309332044e-06
2.077379355647224e-06
2.077408409739689e-06
2.075905371157205e-06
2.07288030118491e-06
2.068344397976318e-06
2.062310036521353e-06
2.054790724237421e-06
2.045801076100418e-06
2.035356840401903e-06
2.02347478062137e-06
2.010172834410184e-06
1.995469824933593e-06
1.979385731765149e-06
1.961941359596153e-06
1.943158718376026e-06
1.923060595210302e-06
1.901670706239145e-06
1.879013791672435e-06
1.855115292492826e-06
1.830001553848604e-06
1.803699848146323e-06
1.776238112149997e-06
1.747645173466594e-06
1.717950456558981e-06
1.687184155052535e-06
1.65537716689812e-06
1.622561010883317e-06
1.588767936766544e-06
1.554030618855506e-06
1.518382394039008e-06
1.48185711346116e-06
1.44448910699424e-06
1.406313265839287e-06
1.367364812487892e-06
1.327679450824348e-06
1.287293263096956e-06
1.24624252517691e-06
1.204564129331231e-06
1.162294961609689e-06
1.11947233705223e-06
1.076133696820136e-06
1.0323167245474e-06
9.880592770628027e-07
9.433992707030825e-07
8.9837474881449e-07
8.530238773118981e-07
8.0738470398245e-07
7.614954213863712e-07
7.153941599113978e-07
6.691189469165693e-07
6.227077786746804e-07
5.76198480040091e-07
5.296287461931115e-07
4.830360689211943e-07
4.364578201077052e-07
3.899310074828577e-07
3.434924336076506e-07
2.971786674521582e-07
2.510258525489917e-07
2.050698473254897e-07
1.593461016469178e-07
1.138896168484393e-07
6.873508873184164e-08
2.391667042189738e-08
2.054537073803431e-08
6.459095480693122e-08
1.082008722619321e-07
1.513429381816422e-07
1.939857154908964e-07
2.360981490312497e-07
2.776499599121962e-07
3.186114634345927e-07
3.58953554879804e-07
3.986479502060547e-07
4.376669533456834e-07
4.75983521042167e-07
5.13571495552867e-07
5.50405367505391e-07
5.864604437633147e-07
6.217127870300487e-07
6.561392256188014e-07
6.897174085196411e-07
7.224258551374874e-07
7.542438202889912e-07
7.85151484272717e-07
8.151298747094415e-07
8.44160900292934e-07
8.722272184513713e-07
8.993125337752872e-07
9.254013342285816e-07
9.504790545733499e-07
9.745320159737503e-07
9.975474704049248e-07
1.019513599764821e-06
1.040419411069138e-06
1.060254915863368e-06
1.079011039628597e-06
1.096679627110575e-06
1.11325346896507e-06
1.128726213828202e-06
1.1430925059841e-06
1.156347868125351e-06
1.168488807934409e-06
1.179512658211479e-06
1.189417768721057e-06
1.198203363195205e-06
1.205869588183361e-06
1.212417426010859e-06
1.217848859980109e-06
1.222166686964954e-06
1.225374587576766e-06
1.227477197218718e-06
1.228479882264821e-06
1.228388945229142e-06
1.227211470222755e-06
1.224955527234783e-06
1.22162986482266e-06
1.21724403445711e-06
1.211808472234566e-06
1.205334347886833e-06
1.197833568333806e-06
1.189318923344729e-06
1.17980378444571e-06
1.169302383807747e-06
1.157829506936991e-06
1.145400754687387e-06
1.132032386941262e-06
1.117741367018255e-06
1.102545128972565e-06
1.086461932864324e-06
1.069510497941906e-06
1.05171018560668e-06
1.033080983425805e-06
1.013643298186651e-06
9.934181699478017e-07
9.724270793043388e-07
9.506920033430788e-07
9.282354556106043e-07
9.050802987076167e-07
8.812498961674464e-07
8.567679552484719e-07
8.316585793366471e-07
8.059462519582894e-07
7.796557568440221e-07
7.528122454303343e-07
7.254410849810711e-07
6.975679962550885e-07
6.692188749823913e-07
6.404198797937966e-07
6.111974011346888e-07
5.81577995539817e-07
5.515883190199133e-07
5.212551918987174e-07
4.906055668385534e-07
4.596665155176538e-07
4.284650847452554e-07
3.970284536691793e-07
3.65383793443641e-07
3.335582485775035e-07
3.015790177585131e-07
2.694731895402924e-07
2.372677565531944e-07
2.049897194211781e-07
1.726659393241903e-07
1.403231602026267e-07
1.079878746423901e-07
7.568655568945815e-08
4.344535398104199e-08
1.129034910007931e-08
2.07527159901133e-08
5.265835589796097e-08
8.440130105924482e-08
1.159565776731597e-07
1.472994375362191e-07
1.784056316012084e-07
2.09251114213771e-07
2.398122713742623e-07
2.700658594534389e-07
2.999889696653213e-07
3.29559094680576e-07
3.587542565242074e-07
3.875528076235923e-07
4.15933590680595e-07
4.438759528824221e-07
4.713596917227392e-07
4.983650994105915e-07
5.248729708640099e-07
5.508646143681517e-07
5.763218675625126e-07
6.012271773769839e-07
6.255634623641981e-07
6.493142246100092e-07
6.724635825960945e-07
6.949962143565358e-07
7.168973663596034e-07
7.38152935220171e-07
7.587494526006822e-07
7.786739173454293e-07
7.979140850267186e-07
8.164583045200402e-07
8.342955792883799e-07
8.51415487446161e-07
8.67808350513144e-07
8.834650593314564e-07
8.983771282444764e-07
9.125368132245626e-07
9.259370630232411e-07
9.385713415355212e-07
9.504338267518619e-07
9.615194551670925e-07
9.71823662432314e-07
9.813426311566786e-07
9.900732571566095e-07
9.980129833664364e-07
1.00515994905237e-06
1.011512961390792e-06
1.017071505238221e-06
1.02183565608982e-06
1.025806144028252e-06
1.028984311979286e-06
1.031372242721318e-06
1.032972597236892e-06
1.033788557869286e-06
1.033824041485332e-06
1.033083494306197e-06
1.031571998488801e-06
1.029295258803131e-06
1.026259510261696e-06
1.022471593614682e-06
1.017938902059257e-06
1.012669405220379e-06
1.006671618064559e-06
9.999545964589629e-07
9.925279016442801e-07
9.844016330973204e-07
9.755863938920584e-07
9.660932285271429e-07
9.559337099673826e-07
9.451199467491733e-07
9.336643493895735e-07
9.215799208206477e-07
9.088799570733386e-07
8.955782959674252e-07
8.816890266771793e-07
8.672267970410985e-07
8.522065888527663e-07
8.366436654583254e-07
8.205536801142443e-07
8.039526191438995e-07
7.868568081548233e-07
7.692828214445058e-07
7.512475495019544e-07
7.327681794677687e-07
7.138621267444023e-07
6.945470429897682e-07
6.748407743728535e-07
6.54761390883607e-07
6.343272511699638e-07
6.135567014453613e-07
5.924684609581732e-07
5.71081236522275e-07
5.494138832773388e-07
5.274854313341848e-07
5.05314951659841e-07
4.829215951573929e-07
4.603246779311121e-07
4.375434077275031e-07
4.145970908808749e-07
3.915050994507396e-07
3.68286764640402e-07
3.449613643624616e-07
3.215482085039412e-07
2.980665136931293e-07
2.745355089928125e-07
2.509742298428819e-07
2.274017143477636e-07
2.03836833634341e-07
1.802984268550745e-07
1.568050764788609e-07
1.333752850385395e-07
1.100274804599621e-07
8.677970608772512e-08
6.364992621854526e-08
4.065594882973755e-08
1.781526925981325e-08
4.85476636669091e-09
2.73386433491396e-08
4.961654198609722e-08
7.167336413260728e-08
9.349290319704551e-08
1.150591693033221e-07
1.363564736678313e-07
1.573694721201946e-07
1.780831455633347e-07
1.984827582290905e-07
2.185539811350168e-07
2.382828263591819e-07
2.576555973021755e-07
2.766590530001167e-07
2.952802953259948e-07
3.13506820504017e-07
3.31326505786933e-07
3.487276618585611e-07
3.656989973066516e-07
3.822295644440032e-07
3.983089440495746e-07
4.139271192471483e-07
4.290744834989368e-07
4.437419036662504e-07
4.579205779009499e-07
4.716022905526529e-07
4.847792505202619e-07
4.974440459548646e-07
5.09589795250065e-07
5.212100591123203e-07
5.322988547717955e-07
5.428506870686078e-07
5.528604765103751e-07
5.623236445373436e-07
5.712360966469987e-07
5.795942170649937e-07
5.873948154544451e-07
5.946352095165253e-07
6.01313174364293e-07
6.074269096600915e-07
6.129751515260295e-07
6.179570597453221e-07
6.223722675002819e-07
6.262208422924687e-07
6.295033720959964e-07
6.322208552234088e-07
6.343746958847873e-07
6.359668498490123e-07
6.369996254917965e-07
6.374758072524855e-07
6.373985748098221e-07
6.36771612327891e-07
6.35598950360361e-07
6.338851230580644e-07
6.316349256962894e-07
6.288537015564089e-07
6.255470914595662e-07
6.217212051851106e-07
6.173825246591491e-07
6.125378249066671e-07
6.071943587926398e-07
6.013596056675397e-07
5.950414809774429e-07
5.882482856378601e-07
5.809886145513588e-07
5.732712953232522e-07
5.6510557921996e-07
5.565010026131745e-07
5.474674189542839e-07
5.380148628830739e-07
5.281537296397687e-07
5.178947359851804e-07
5.072487407886683e-07
4.962268720376528e-07
4.848405401602918e-07
4.731013731884559e-07
4.610211794542352e-07
4.48611976011648e-07
4.358860454800606e-07
4.228557219931872e-07
4.095335830456293e-07
3.959323953139915e-07
3.82064955672945e-07
3.679443247861514e-07
3.535836432533301e-07
3.389961467092917e-07
3.241952040156093e-07
3.091942222255284e-07
2.940067966861193e-07
2.786464294857183e-07
2.631267888020261e-07
2.474615827807725e-07
2.316645364430769e-07
2.157493996790549e-07
1.997298602063324e-07
1.836197149884811e-07
1.674327343437199e-07
1.511825908906417e-07
1.348829794522999e-07
1.185476188325651e-07
1.021899880271349e-07
8.582365840226203e-08
6.946205477476042e-08
5.311856821066385e-08
3.680645743742161e-08
2.053884085029267e-08
4.328769342976102e-09
1.181084297030566e-08
2.786718411584843e-08
4.382765794730403e-08
5.967979088694619e-08
7.541128876908942e-08
9.100998799027593e-08
1.064639709724702e-07
1.217614693516111e-07
1.368908657539691e-07
1.51840852780083e-07
1.666003246469927e-07
1.811582963640035e-07
1.955041177836847e-07
2.096273430396423e-07
2.235177678500122e-07
2.371654179711413e-07
2.505605518621223e-07
2.636938054578764e-07
2.765559790063321e-07
2.891382075986826e-07
3.014318679106509e-07
3.13428626164125e-07
3.251205171750371e-07
3.364997764876421e-07
3.475589229751108e-07
3.582908343346958e-07
3.686887772857972e-07
3.787461722026819e-07
3.884568595680093e-07
3.978149720751389e-07
4.068150030178685e-07
4.154516322074642e-07
4.237200128542895e-07
4.316155717276615e-07
4.391340500120577e-07
4.46271545051502e-07
4.530244801514982e-07
4.59389623230777e-07
4.653640335305909e-07
4.709451406625931e-07
4.761307552669791e-07
4.809188851595536e-07
4.853079689226547e-07
4.892968279435195e-07
4.928845029894546e-07
4.960704629297652e-07
4.988543640394028e-07
5.012363581968771e-07
5.032167926799502e-07
5.0479643309842e-07
5.059762591130834e-07
5.067577220074782e-07
5.071424435953986e-07
5.071324435945712e-07
5.067299602146136e-07
5.059376491090006e-07
5.047583755413143e-07
5.031953262957245e-07
5.012519919134206e-07
4.989320707693423e-07
4.96239684011357e-07
4.931791819373643e-07
4.897551164617653e-07
4.859723938821503e-07
4.818361292180384e-07
4.773516755207652e-07
4.725246700587604e-07
4.673609961258762e-07
4.618667572842128e-07
4.56048287134081e-07
4.499121919465665e-07
4.434652014495555e-07
4.367142842909288e-07
4.296667235337281e-07
4.223298537553433e-07
4.147112537822295e-07
4.068186614247793e-07
3.98660047196131e-07
3.902434837499413e-07
3.815772835480402e-07
3.726697626049713e-07
3.635295451331899e-07
3.541653370575659e-07
3.445858904882471e-07
3.348002595160438e-07
3.248173898739992e-07
3.146464901959689e-07
3.042967851030198e-07
2.93777670634654e-07
2.830985170731992e-07
2.722688261513895e-07
2.612981822025517e-07
2.501961482437309e-07
2.389723734452787e-07
2.276366410924879e-07
2.161986607518429e-07
2.046681606415746e-07
1.930549462514364e-07
1.813687733331903e-07
1.696194056322042e-07
1.578166237692358e-07
1.45970221687719e-07
1.340898858614992e-07
1.221852850008531e-07
1.102661508767255e-07
9.834202785441448e-08
8.642251003720958e-08
7.451708938788215e-08
6.263518059768103e-08
5.078614062625775e-08
3.897925093809818e-08
2.722364644824893e-08
1.552839545837514e-08
3.902547618395147e-09
7.645159172398053e-09
1.910580138542173e-08
3.047101149178388e-08
4.173202761137418e-08
5.288057991492678e-08
6.390847762105523e-08
7.480764807610285e-08
8.557023178923373e-08
9.618841900760344e-08
1.066546415628977e-07
1.169614538554242e-07
1.271016003556724e-07
1.370680031698157e-07
1.468538295412714e-07
1.564523701702569e-07
1.658570889517819e-07
1.750617153462031e-07
1.840600960534289e-07
1.928463682077108e-07
2.014147639783914e-07
2.097598441608284e-07
2.17876356956026e-07
2.257591846799301e-07
2.334035356099662e-07
2.408047699020699e-07
2.479584502168564e-07
2.548604962626655e-07
2.615069147893223e-07
2.678941104505839e-07
2.740184434912862e-07
2.798767839706784e-07
2.854661387274859e-07
2.907837197696495e-07
2.95826943386146e-07
3.00593554491968e-07
3.05081484519576e-07
3.092888851696785e-07
3.132142136763605e-07
3.168561395483493e-07
3.202135365754089e-07
3.232854934864804e-07
3.260713867803133e-07
3.285708389810793e-07
3.307836671240239e-07
3.327099085126406e-07
3.343498935493017e-07
3.35704159581951e-07
3.367734349168927e-07
3.375586992149238e-07
3.380611879322259e-07
3.382822661990303e-07
3.382235860271976e-07
3.378870454540106e-07
3.372746997243325e-07
3.363887977059221e-07
3.352318627136697e-07
3.338065424074443e-07
3.321157562297117e-07
3.301625408624886e-07
3.279502474029528e-07
3.254822900089493e-07
3.227623928125922e-07
3.197943412303061e-07
3.165821231831956e-07
3.131299672887167e-07
3.094422140748065e-07
3.055234021331898e-07
3.013781597616116e-07
2.970113532896335e-07
2.924279263183394e-07
2.876330089662815e-07
2.826318512560988e-07
2.774299234786781e-07
2.720326728322675e-07
2.664457490197947e-07
2.60674949181805e-07
2.547261486185448e-07
2.486052990136045e-07
2.423185527788974e-07
2.358720792017266e-07
2.292721310581669e-07
2.225250455012429e-07
2.15637364853194e-07
2.086155355129904e-07
2.014661095728343e-07
1.94195758140836e-07
1.868112269320932e-07
1.793192234700314e-07
1.717265432077397e-07
1.64040063310722e-07
1.562666769316934e-07
1.484132230444857e-07
1.404866383225567e-07
1.324938967428579e-07
1.24441904780781e-07
1.163376301960284e-07
1.081880558473358e-07
1.00000137059908e-07
9.17807403411075e-08
8.353684410877804e-08
7.527534684470538e-08
6.700305910101179e-08
5.872691843933353e-08
5.045360218502992e-08
4.218994487104055e-08
3.394261760547579e-08
2.571826485109341e-08
1.752347156269707e-08
9.364755193530527e-09
1.248626979588607e-09
6.818622999560375e-09
1.483065759089186e-08
2.278122757104484e-08
3.066423115427597e-08
3.84736518199702e-08
4.620348903472404e-08
5.384795809248999e-08
6.140129649168102e-08
6.885792203092933e-08
7.621229602960966e-08
8.345896862493873e-08
9.059274308498289e-08
9.760840669059689e-08
1.04500967879062e-07
1.112655478863189e-07
1.178973514370796e-07
1.243917964188768e-07
1.307443948661557e-07
1.369507929283031e-07
1.430067735341822e-07
1.489083212291575e-07
1.546514907246888e-07
1.602325898630852e-07
1.656479717837556e-07
1.70894272066846e-07
1.759681893531706e-07
1.808666194591524e-07
1.855865505717702e-07
1.901252453251345e-07
1.944800667175173e-07
1.986485020921691e-07
2.02628267942373e-07
2.064172281990295e-07
2.100134262050801e-07
2.134150278720881e-07
2.166205144149558e-07
2.196283297450918e-07
2.224372153136756e-07
2.250460493513629e-07
2.274538966062778e-07
2.296599310724901e-07
2.316635407950685e-07
2.3346430033655e-07
2.350619174862345e-07
2.364562865508901e-07
2.376474590448652e-07
2.386356321437688e-07
2.394212064160683e-07
2.40004732532384e-07
2.403868215594684e-07
2.405683465767083e-07
2.405504160307714e-07
2.403341383683255e-07
2.399208538506059e-07
2.393120714927477e-07
2.385093234025248e-07
2.375144729782619e-07
2.363293836182834e-07
2.349561141201661e-07
2.333968369683248e-07
2.316539546853846e-07
2.297298928866098e-07
2.276272690338033e-07
2.25348747662224e-07
2.228972695306197e-07
2.202758224711943e-07
2.174874316196451e-07
2.145353503735237e-07
2.114228729865886e-07
2.081534438147514e-07
2.0473062178894e-07
2.011580502170318e-07
1.974395056336675e-07
1.93578733487243e-07
1.895796977180453e-07
1.854464324324567e-07
1.811830454556684e-07
1.767937245489293e-07
1.722827018824091e-07
1.676542948914062e-07
1.629129000590979e-07
1.580630710762421e-07
1.531092150841573e-07
1.480559461697339e-07
1.429079654613474e-07
1.376698905986018e-07
1.323464742242209e-07
1.26942423683829e-07
1.214625955370252e-07
1.159117850590974e-07
1.10294919863918e-07
1.046168023322025e-07
9.888239027588952e-08
9.309661752610054e-08
8.726439482131809e-08
8.139063911727362e-08
7.548031533133326e-08
6.953837772272209e-08
6.356973969445789e-08
5.757935461758734e-08
5.157213234241453e-08
4.555292765218155e-08
3.952669036522138e-08
3.349823707310406e-08
2.747242078271483e-08
2.145402433484378e-08
1.544782346485363e-08
9.45851930111985e-09
3.490770339453775e-09
2.450742719872778e-09
8.361465297923587e-09
1.423684281576243e-08
2.007240063051086e-08
2.586371827817402e-08
3.160623318620992e-08
3.729608888392022e-08
4.292884536738484e-08
4.850038326509321e-08
5.400659919274631e-08
5.944351144648863e-08
6.480718806045616e-08
7.00938151965147e-08
7.529959766827687e-08
8.042096233396023e-08
8.545430496553763e-08
9.039611637007283e-08
9.524304456220989e-08
9.999180683450959e-08
1.046392048564826e-07
1.091821992815767e-07
1.136178031657664e-07
1.179431183828683e-07
1.221553675989639e-07
1.262518924960432e-07
1.302301759764646e-07
1.340877329170098e-07
1.378222744818913e-07
1.414316068704125e-07
1.449135780262623e-07
1.482662685958758e-07
1.514877681074722e-07
1.545763206323159e-07
1.575302874812223e-07
1.603482413514712e-07
1.630287469467362e-07
1.655705110792383e-07
1.67972343589895e-07
1.702332657060879e-07
1.723523617158662e-07
1.743288100541918e-07
1.761619392581792e-07
1.778512439543078e-07
1.79396265842513e-07
1.807966265587879e-07
1.82052227515328e-07
1.831629967696813e-07
1.841288685966447e-07
1.849500739226073e-07
1.85626864102062e-07
1.861596476970817e-07
1.865488803431958e-07
1.867952459377875e-07
1.868994088383147e-07
1.868622385714502e-07
1.866846606191075e-07
1.863677283608922e-07
1.859125893233227e-07
1.853205269242153e-07
1.845929098465149e-07
1.837311929264729e-07
1.827369455753569e-07
1.816118144759571e-07
1.803575520042955e-07
1.789760606385471e-07
1.774692881539863e-07
1.758391716677465e-07
1.740878889933128e-07
1.722176756757676e-07
1.702307494966249e-07
1.68129538735684e-07
1.659164716727446e-07
1.635941044852984e-07
1.611649791399827e-07
1.586317477375587e-07
1.559971654074843e-07
1.532639837265037e-07
1.504351025971573e-07
1.475134228101638e-07
1.44501987264789e-07
1.414037695823822e-07
1.382218393075618e-07
1.349593485855394e-07
1.316194362388501e-07
1.282053405660122e-07
1.247203504917138e-07
1.211677354007179e-07
1.175508428374883e-07
1.138730194583104e-07
1.101376430057144e-07
1.063481294139024e-07
1.025079203742507e-07
9.862049665798622e-08
9.468930439737733e-08
9.071784656811133e-08
8.670959950052293e-08
8.266810702650673e-08
7.859684281186219e-08
7.449934447123496e-08
7.037914961927072e-08
6.623974435626678e-08
6.208464142787307e-08
5.79173136117106e-08
5.374120704004781e-08
4.955985932753038e-08
4.53767334818167e-08
4.119523833168159e-08
3.701880579853878e-08
3.285078964410104e-08
2.869453208376171e-08
2.455335490481048e-08
2.043064117884796e-08
1.632956436736777e-08
1.225335033439023e-08
8.205187640442091e-09
4.188248858838506e-09
2.05613304160579e-10
3.739629050869553e-09
7.64454632928846e-09
1.150618533785064e-08
1.53216115350574e-08
1.908801650074565e-08
2.280263622367329e-08
2.646272800888028e-08
3.006555715501236e-08
3.360863054524543e-08
3.708939289026603e-08
4.050531732247009e-08
4.385404039908281e-08
4.713321732907616e-08
5.034062144915197e-08
5.347402520783362e-08
5.653131118776855e-08
5.951045167762459e-08
6.240950067848416e-08
6.522653794860389e-08
6.795975160400758e-08
7.060743545395098e-08
7.31678895249388e-08
7.563959147915966e-08
7.802100121523381e-08
8.031078735371011e-08
8.250756167171858e-08
8.461011269389473e-08
8.661725825476196e-08
8.852792809932453e-08
9.034116210671073e-08
9.205607121032244e-08
9.367177611352417e-08
9.518751920012392e-08
9.660274713496619e-08
9.791686661486665e-08
9.912938470080235e-08
1.002399088179118e-07
1.012481138928933e-07
1.021538134082789e-07
1.029568563737371e-07
1.036571601886749e-07
1.042547967955443e-07
1.047498487949383e-07
1.051425364551051e-07
1.054331519867446e-07
1.056220018114118e-07
1.057095406764574e-07
1.056962855017218e-07
1.055828358076383e-07
1.053698603925568e-07
1.050580795691758e-07
1.046483717459523e-07
1.041416242131277e-07
1.035387722225778e-07
1.028408709302653e-07
1.020490110192895e-07
1.011644448212223e-07
1.00188413121316e-07
9.912220111374381e-08
9.796718725141318e-08
9.672480771882874e-08
9.539656797841189e-08
9.398407119221019e-08
9.248893473312592e-08
9.091282215933916e-08
8.925743522070206e-08
8.752464619732336e-08
8.571625365050295e-08
8.383418137469789e-08
8.188033362444003e-08
7.985669636667581e-08
7.776529820091582e-08
7.560826364994e-08
7.338764973496836e-08
7.110564759216231e-08
6.876439773151333e-08
6.636616856070532e-08
6.391326046184531e-08
6.140786368291629e-08
5.885234166669306e-08
5.624905163870153e-08
5.360029042833503e-08
5.090855470513134e-08
4.817618037833427e-08
4.54055832932454e-08
4.259919439419946e-08
3.975952012069683e-08
3.688897987075279e-08
3.39901555790334e-08
3.106546397901866e-08
2.811738220032112e-08
2.514840868883539e-08
2.216104899588345e-08
1.915782199546356e-08
1.614116396098098e-08
1.311365060985281e-08
1.007770755734327e-08
7.035811044886486e-09
3.990468400161262e-09
9.44086586684989e-10
2.10088568763922e-09
5.142019254833485e-09
8.176882282384668e-09
1.120313530833528e-08
1.421841222537523e-08
1.72203176163066e-08
2.020663458779381e-08
2.317497393988788e-08
2.612311611471796e-08
2.905319185231292e-08
3.195421349744265e-08
3.482851607117254e-08
3.767391554276855e-08
4.04882847249155e-08
4.326956482003652e-08
4.601576097940097e-08
4.872490677598762e-08
5.139507752716099e-08
5.402428193690412e-08
5.661081114993749e-08
5.915281331425604e-08
6.164849786216564e-08
6.409618968916675e-08
6.649423500704188e-08
6.884102088378086e-08
7.113503386335651e-08
7.337468765911126e-08
7.555857806096355e-08
7.768533638596864e-08
7.975354066047657e-08
8.176199450815602e-08
8.370938786583793e-08
8.559463093860131e-08
8.741656198907322e-08
8.917410010411686e-08
9.08662602938648e-08
9.249213572815052e-08
9.405083112312695e-08
9.554153113100483e-08
9.696343195031432e-08
9.831587366448957e-08
9.959818481064531e-08
1.008098449162276e-07
1.019503175214709e-07
1.030190901474271e-07
1.040158013054793e-07
1.049400664143718e-07
1.057916589886077e-07
1.06570372082615e-07
1.072760316134236e-07
1.07908547875013e-07
1.08467835602255e-07
1.089539800602779e-07
1.093670007890069e-07
1.097070887468021e-07
1.099744402210945e-07
1.101693074545551e-07
1.102919107154321e-07
1.103427225146447e-07
1.103221478615524e-07
1.102306743661075e-07
1.100687940791545e-07
1.098371482655125e-07
1.09536328452009e-07
1.091670185360272e-07
1.087300383062484e-07
1.082261151807984e-07
1.076560920409975e-07
1.070208819342611e-07
1.063213597163326e-07
1.055586063003489e-07
1.04733559602721e-07
1.038473564918263e-07
1.029010983089051e-07
1.018959530085795e-07
1.008330716700812e-07
9.971369863137625e-08
9.853912796842224e-08
9.731068395524289e-08
9.602968464861306e-08
9.469749606694222e-08
9.331559613912077e-08
9.188536242987766e-08
9.040832704698687e-08
8.888593239220199e-08
8.731971323783227e-08
8.571127452228211e-08
8.406220697310118e-08
8.237403559263612e-08
8.064845324895487e-08
7.888709596670651e-08
7.709156069068968e-08
7.526363177134954e-08
7.340494523333518e-08
7.15172090437477e-08
6.960221732299487e-08
6.766166649185834e-08
6.569729560368387e-08
6.371083838274672e-08
6.170403210603581e-08
5.967874727730305e-08
5.763669452818476e-08
5.557960136570728e-08
5.350930898373463e-08
5.142764347709772e-08
4.933627639758242e-08
4.723695212760504e-08
4.513155626995058e-08
4.3021781692687e-08
4.090937366640901e-08
3.879612719970282e-08
3.668369785714276e-08
3.457385577831928e-08
3.246831692393926e-08
3.036876528028642e-08
2.827689371542874e-08
2.619435068851317e-08
2.412278110597299e-08
2.206378368896367e-08
2.001903265380633e-08
1.799007520730811e-08
1.597844700995665e-08
1.398570681487854e-08
1.201337251899304e-08
1.006291672212001e-08
8.135827123112449e-09
6.233531912869239e-09
4.357452176861898e-09
2.508952157143085e-09
6.893516868444749e-10
1.100032065437517e-09
2.857898806496451e-09
4.583033508254175e-09
6.274163411035261e-09
7.930159640068268e-09
9.549908419614894e-09
1.113223646598271e-08
1.267607618871125e-08
1.418042394618624e-08
1.564433294021228e-08
1.706679597646144e-08
1.844691333019455e-08
1.978379238209982e-08
2.107666841055789e-08
2.232468343521532e-08
2.352708694530747e-08
2.468317461534753e-08
2.579227054155808e-08
2.685377697986269e-08
2.786707309354597e-08
2.883165617362238e-08
2.974701818203584e-08
3.061268838422393e-08
3.14282369018315e-08
3.219333333248642e-08
3.290766859009864e-08
3.357091227229603e-08
3.418281213640739e-08
3.474320831031719e-08
3.525187342034997e-08
3.570881190739783e-08
3.611390919644464e-08
3.646709778593049e-08
3.676844873012897e-08
3.70180313069568e-08
3.721588548444288e-08
3.736216314109697e-08
3.745705789981457e-08
3.750078647613009e-08
3.749364640981412e-08
3.743588816718102e-08
3.732786701959867e-08
3.716995244928967e-08
3.696257611096598e-08
3.67062193973311e-08
3.64013104103833e-08
3.604837939263916e-08
3.564803030542407e-08
3.520087066277711e-08
3.470747156342213e-08
3.416851868109916e-08
3.358477673742755e-08
3.295691541893575e-08
3.228571188174101e-08
3.157193972924688e-08
3.081644184277366e-08
3.00200504455006e-08
2.918366615034529e-08
2.830816825394322e-08
2.739452842348555e-08
2.644363750192724e-08
2.545647337370838e-08
2.443413649189097e-08
2.337757543102725e-08
2.228782935986828e-08
2.116601027779552e-08
2.001317067623631e-08
1.883050604334358e-08
1.761902446162367e-08
1.637994184733316e-08
1.511437286438877e-08
1.382342862399355e-08
1.250839698485606e-08
1.117045567156083e-08
9.810806389509708e-09
8.430599329756205e-09
7.031103699262076e-09
5.613585152275391e-09
4.179242729662747e-09
2.72929856492965e-09
1.265100024738786e-09
2.121627318274477e-10
1.701251584051988e-09
3.200888443188887e-09
4.70975525246331e-09
6.226681392718092e-09
7.750366570746792e-09
9.279549573193435e-09
1.081293277138684e-08
1.234935886884614e-08
1.38874964861202e-08
1.542617589223028e-08
1.69641358738204e-08
1.850013653381666e-08
2.003299570674244e-08
2.156148681820014e-08
2.308443747267575e-08
2.460065662290845e-08
2.61089434516748e-08
2.760819128866387e-08
2.909720908661484e-08
3.057714437204595e-08
3.204237852827418e-08
3.349132615682038e-08
3.492846367691982e-08
3.634995593415624e-08
3.775473000899865e-08
3.914174850905283e-08
4.051008239969178e-08
4.185875646101067e-08
4.318676349868156e-08
4.449320201160845e-08
4.577714562969959e-08
4.703773459624472e-08
4.827403632390315e-08
4.948530918369443e-08
5.06706578917715e-08
5.182936124725757e-08
5.296061456050438e-08
5.406373126959352e-08
5.513797507461504e-08
5.618268872353838e-08
5.719718121355299e-08
5.81809072031092e-08
5.913321388106851e-08
6.005354880045388e-08
6.094141724588553e-08
6.179626499402957e-08
6.261763196846459e-08
6.340505542823394e-08
6.415813036397822e-08
6.487650505704323e-08
6.555977272171276e-08
6.620765446996302e-08
6.681981634670819e-08
6.739604074823546e-08
6.793609674815571e-08
6.843978095361081e-08
6.89068739845311e-08
6.933728347036094e-08
6.973089128337051e-08
7.008760949389625e-08
7.040736083041566e-08
7.069017993188709e-08
7.093605169927741e-08
7.114502320604288e-08
7.131714419017499e-08
7.145251323947832e-08
7.155129111424685e-08
7.161361459395721e-08
7.163971016410642e-08
7.162974036134528e-08
7.158390413763982e-08
7.150255498800107e-08
7.138595314870599e-08
7.123442902212673e-08
7.104831034610015e-08
7.082800479452089e-08
7.05739200412836e-08
7.028644599671452e-08
6.996608270526394e-08
6.96132733679633e-08
6.922849316026713e-08
6.88122856473683e-08
6.83651517618955e-08
6.788768924792521e-08
6.73804745332518e-08
6.684410358559489e-08
6.627924431512611e-08
6.568650334770609e-08
6.506652194815388e-08
6.442001510009732e-08
6.374766670091958e-08
6.305018107610749e-08
6.232829719010624e-08
6.158276288914522e-08
6.081433578941642e-08
6.002376551350608e-08
5.921191181812446e-08
5.837943728437267e-08
5.752726384145035e-08
5.665618019179419e-08
5.576705053300657e-08
5.486065290938313e-08
5.393783730767154e-08
5.299949101811308e-08
5.204648001466694e-08
5.107968448214706e-08
5.009999526350839e-08
4.910825435189281e-08
4.810534814936318e-08
4.709213996534345e-08
4.606964321141049e-08
4.503863593185997e-08
4.400004893767573e-08
4.295478284177534e-08
4.190370628265327e-08
4.084773230772498e-08
3.97877553126591e-08
3.872465637044797e-08
3.76593414230797e-08
3.65926595691235e-08
3.552554961316901e-08
3.445884910746599e-08
3.339342669050893e-08
3.233018652792907e-08
3.126995906654884e-08
3.021359518129429e-08
2.916188712731582e-08
2.811569732585895e-08
2.707588020456342e-08
2.60432591048243e-08
2.501855256298313e-08
2.400254395240609e-08
2.299610635247973e-08
2.199992454876565e-08
2.101480323091209e-08
2.004146004708218e-08
1.908064550804056e-08
1.813303107667252e-08
1.719927400500865e-08
1.628012302745674e-08
1.537625138325893e-08
1.448826481009746e-08
1.361677881561718e-08
1.27624613099897e-08
1.192581944309268e-08
1.110749714428039e-08
1.030804597235147e-08
9.527993505287213e-09
8.76784866932212e-09
8.028121278869094e-09
7.309328253768399e-09
6.611919900478824e-09
5.936295899289235e-09
5.282889681268443e-09
4.652130236593166e-09
4.04438171841548e-09
3.460000286281684e-09
2.899328777061783e-09
2.362635420638526e-09
1.85028614652083e-09
1.362542079164086e-09
8.996519085258115e-10
4.618563309577439e-10
4.931433039701005e-11
3.377627066925015e-10
6.991882628426538e-10
1.034814012257357e-09
1.344557354343578e-09
1.628304602263597e-09
1.885996248063293e-09
2.117538144830178e-09
2.322868120074872e-09
2.501993279224735e-09
2.654979347482822e-09
2.781796126782865e-09
2.882525329539476e-09
2.95724156273991e-09
3.005980353520954e-09
3.028882922251341e-09
3.026105588332939e-09
2.997774473101344e-09
2.944067212240498e-09
2.865204962176904e-09
2.761337825063492e-09
2.63274113621037e-09
2.479626282081426e-09
2.302263268916249e-09
2.100972729124351e-09
1.876015787161123e-09
1.627677548299289e-09
1.356387002715564e-09
1.062450571964746e-09
7.462643836220195e-10
4.081668336652911e-10
4.859668223389235e-11
3.321174446568875e-10
7.334586271667831e-10
1.154986328799623e-09
1.596324850083874e-09
2.056886216905696e-09
2.536284959830937e-09
3.033984619094099e-09
3.549505578348544e-09
4.082298055152478e-09
4.6318300306325e-09
5.197561492309433e-09
5.778951539525679e-09
6.375476147013615e-09
6.986558886978855e-09
7.611603791701782e-09
8.25000157078648e-09
8.901200665434317e-09
9.564633529635103e-09
1.023965268132088e-08
1.09256568237015e-08
1.162206331173365e-08
1.232824509145303e-08
1.304354579900746e-08
1.376737124303418e-08
1.449907305328679e-08
1.523798065505844e-08
1.598356202947571e-08
1.673511285105178e-08
1.74919358997272e-08
1.825352224926746e-08
1.901920665403622e-08
1.978827679494088e-08
2.056017489593387e-08
2.133424459316302e-08
2.210987037898349e-08
2.288637102054736e-08
2.366316476098973e-08
2.443964319809311e-08
2.521515174436217e-08
2.598907222761682e-08
2.676081223285109e-08
2.752977845688065e-08
2.829539180737584e-08
2.905700036137659e-08
2.981410052171896e-08
3.056837005743773e-08
3.131642500875387e-08
3.205645970894011e-08
3.2787776937937e-08
3.351090605008267e-08
3.422890326731931e-08
3.493848943492139e-08
3.563917960747176e-08
3.633041156803074e-08
3.701173056924745e-08
3.768266143566734e-08
3.834274675540428e-08
3.899145095687118e-08
3.962840811055912e-08
4.025319011446982e-08
4.086529070690403e-08
4.146442211805379e-08
4.205005055268884e-08
4.262188113557386e-08
4.317951685095522e-08
4.372261130924926e-08
4.425078259373549e-08
4.476373316464333e-08
4.526111929692433e-08
4.574272427504411e-08
4.620820259759739e-08
4.665729758102088e-08
4.708975431810813e-08
4.750531790165269e-08
4.790373875351861e-08
4.828487210062349e-08
4.864848879293504e-08
4.899441385930459e-08
4.932247676947554e-08
4.963252653311656e-08
4.992446012153096e-08
5.019813276163632e-08
5.045342810205966e-08
5.069026443038638e-08
5.090862220669123e-08
5.11084055077049e-08
5.128955127275958e-08
5.145203996193004e-08
5.159592486592146e-08
5.172112338414081e-08
5.182765683287016e-08
5.191565488615879e-08
5.198510510950882e-08
5.203608743897803e-08
5.206868181062418e-08
5.208297526593242e-08
5.207900333203952e-08
5.205696229637624e-08
5.201704311730282e-08
5.195929997370285e-08
5.188391938304449e-08
5.179111894904054e-08
5.168101147035031e-08
5.155384297239607e-08
5.1409793755397e-08
5.124915958276688e-08
5.107212341926015e-08
5.087892063215804e-08
5.066982566859224e-08
5.044515383190173e-08
5.020510851494464e-08
4.995002633734202e-08
4.968024125417969e-08
4.939606057519086e-08
4.909778361650297e-08
4.87857478859155e-08
4.846027579219481e-08
4.812175902202398e-08
4.777052620141831e-08
4.740698944516453e-08
4.703149336648949e-08
4.664440034218842e-08
4.624613492154594e-08
