4.263256414560601e-14
9.059419880941277e-14
5.506706202140776e-14
4.263256414560601e-14
4.796163466380676e-14
6.039613253960852e-14
5.506706202140776e-14
6.394884621840902e-14
8.881784197001252e-14
1.225686219186173e-13
1.314504061156185e-13
1.616484723854228e-13
1.687538997430238e-13
1.70530256582424e-13
1.918465386552271e-13
2.131628207280301e-13
2.327027459614328e-13
2.415845301584341e-13
2.131628207280301e-13
1.882938249764265e-13
1.829647544582258e-13
1.456612608308205e-13
1.56319401867222e-13
1.740829702612245e-13
1.70530256582424e-13
1.77635683940025e-13
1.652011860642233e-13
1.509903313490213e-13
1.225686219186173e-13
9.414691248821327e-14
9.059419880941277e-14
8.348877145181177e-14
7.460698725481052e-14
6.572520305780927e-14
4.973799150320701e-14
2.131628207280301e-14
0
3.907985046680551e-14
7.283063041541027e-14
1.172395514004165e-13
1.56319401867222e-13
1.882938249764265e-13
2.202682480856311e-13
2.682298827494378e-13
3.073097332162433e-13
3.428368700042483e-13
3.641531520770513e-13
3.907985046680551e-13
4.405364961712621e-13
4.938272013532696e-13
5.506706202140776e-13
5.897504706808832e-13
6.785683126508957e-13
7.86926079854311e-13
8.79296635503124e-13
9.379164112033322e-13
1.007194327939942e-12
1.094235813070554e-12
1.20259358027397e-12
1.321609488513786e-12
1.406874616804998e-12
1.517008740847814e-12
1.614708367014828e-12
1.70530256582424e-12
1.790567694115452e-12
1.884714606603666e-12
1.968203378055478e-12
2.103206497849897e-12
2.231104190286715e-12
2.41051623106614e-12
2.543742994021159e-12
2.684075184333778e-12
2.843947299879801e-12
2.996713988068223e-12
3.170796958329447e-12
3.33244543071487e-12
3.502975687297294e-12
3.662847802843316e-12
3.82982534574694e-12
4.027000954920368e-12
4.224176564093796e-12
4.410694032230822e-12
4.606093284564849e-12
4.810374321095878e-12
5.030642569181509e-12
5.266898028821743e-12
5.474731779031572e-12
5.680789172402001e-12
5.906386491005833e-12
6.126654739091464e-12
6.359357485052897e-12
6.632916438320535e-12
6.867395541121368e-12
7.110756428119203e-12
7.361222742474638e-12
7.606359986311872e-12
7.839062732273305e-12
8.064660050877137e-12
8.309797294714372e-12
8.560263609069807e-12
8.814282637104043e-12
9.070078021977679e-12
9.334755191048316e-12
9.611866857994755e-12
9.881873097583593e-12
1.013233941193903e-11
1.041300379256427e-11
1.068301003215311e-11
1.095656898542074e-11
1.122657522500958e-11
1.148237060988322e-11
1.174527142211446e-11
1.201527766170329e-11
1.229416568548913e-11
1.254818471352337e-11
1.283062545098801e-11
1.305799912643124e-11
1.327293830399867e-11
1.352162826151471e-11
1.377564728954894e-11
1.401367910602858e-11
1.425703999302641e-11
1.450572995054245e-11
1.474020905334328e-11
1.497291179930471e-11
1.519850911790854e-11
1.539568472708197e-11
1.55875312657372e-11
1.575628516548022e-11
1.592503906522325e-11
1.610267474916327e-11
1.62856395036215e-11
1.647038061491912e-11
1.664091087150155e-11
1.681144112808397e-11
1.695887874575419e-11
1.707967101083341e-11
1.721289777378843e-11
1.732480825467064e-11
1.744915323342866e-11
1.756816914166848e-11
1.765876334047789e-11
1.77440284687691e-11
1.781685909918451e-11
1.788258430224232e-11
1.791100601167273e-11
1.794830950530013e-11
1.796429671685473e-11
1.796962578737293e-11
1.797140214421233e-11
1.797850757156993e-11
1.794120407794253e-11
1.787014980436652e-11
1.780087188762991e-11
1.77298176140539e-11
1.762856527420809e-11
1.749356215441367e-11
1.737276988933445e-11
1.723599041270063e-11
1.707967101083341e-11
1.692868067948439e-11
1.674926863870496e-11
1.651656589274353e-11
1.62927449309791e-11
1.605116040082066e-11
1.578648323175003e-11
1.550937156480359e-11
1.522160175682075e-11
1.49125156667651e-11
1.456967879676085e-11
1.42144074288808e-11
1.382893799473095e-11
1.343636313322349e-11
1.303135377384024e-11
1.262279170077818e-11
1.216449163621292e-11
1.169553343061125e-11
1.118927173138218e-11
1.06687991774379e-11
1.014122119613603e-11
9.590550575921952e-12
9.000800105241069e-12
8.405720564041985e-12
7.789324740770098e-12
7.16582349014061e-12
6.544098596350523e-12
5.870859354217828e-12
5.162092975297128e-12
4.46931380793103e-12
3.771205570046732e-12
3.041122909053229e-12
2.286171252308122e-12
1.527666881884215e-12
7.354117315117037e-13
6.927791673660977e-14
9.041656312547275e-13
1.728395204736444e-12
2.568611989772762e-12
3.442579554757685e-12
4.320099833421409e-12
5.222489107836736e-12
6.128431095930864e-12
7.037925797703792e-12
7.970513138388924e-12
8.915534976949857e-12
9.874767670225992e-12
1.083044764982333e-11
1.178612762942066e-11
1.2741807609018e-11
1.372413294120634e-11
1.469757648919767e-11
1.566746732351021e-11
1.664623994201975e-11
1.760902534897468e-11
1.857003439909022e-11
1.955058337443916e-11
2.051869785191229e-11
2.147615418834903e-11
2.244249230898276e-11
2.34265939980105e-11
2.435918133869563e-11
2.529176867938077e-11
2.62350141611023e-11
2.716227243126923e-11
2.808064891723916e-11
2.898659090533329e-11
2.989786196394562e-11
3.077893495628814e-11
3.165112616443366e-11
3.251443558838218e-11
3.337063958497311e-11
3.418598737425782e-11
3.500311152038194e-11
3.581313023914845e-11
3.660893810319976e-11
3.739231146937527e-11
3.817568483555078e-11
3.890576749654429e-11
3.960742844810738e-11
4.029843125863408e-11
4.098588135548198e-11
4.167510780916928e-11
4.236255790601717e-11
4.299671729768306e-11
4.363265304618835e-11
4.425082522629964e-11
4.485833926537452e-11
4.544276066553721e-11
4.603606384989689e-11
4.660272168166557e-11
4.717470858395245e-11
4.774136641572113e-11
4.831157696116861e-11
4.885514215402509e-11
4.938804920584516e-11
4.991740354398644e-11
5.043787609793071e-11
5.095834865187499e-11
5.146105763742526e-11
5.195310848193913e-11
5.244160661277419e-11
5.291944660257286e-11
5.340261566288973e-11
5.384137580222159e-11
5.430322858046566e-11
5.471711972404592e-11
5.508127287612297e-11
5.545608416923642e-11
5.581668460763467e-11
5.615952147763892e-11
5.651479284551897e-11
5.683986614712921e-11
5.715072859402426e-11
5.739941855154029e-11
5.764455579537753e-11
5.789857482341176e-11
5.81472647809278e-11
5.834976946061943e-11
5.854339235611405e-11
5.873523889476928e-11
5.892175636290631e-11
5.912959011311614e-11
5.934275293384417e-11
5.9541704899857e-11
5.975842043426383e-11
6.000888674861926e-11
6.02984329134415e-11
6.060751900349715e-11
6.095035587350139e-11
6.137490515811805e-11
6.182787615216512e-11
6.233946692191239e-11
6.292033560839627e-11
6.357758763897436e-11
6.429168308841327e-11
6.509104366614338e-11
6.599520929739811e-11
6.697753462958644e-11
6.8071770442657e-11
6.925304774085816e-11
7.050537931263534e-11
7.183942329902493e-11
7.325340334318753e-11
7.472777951988974e-11
7.629274989540136e-11
7.794476175604359e-11
7.968736781549524e-11
8.147438279593189e-11
8.331646483838995e-11
8.521894301338762e-11
8.716938282304909e-11
8.914469162846217e-11
9.113954035910865e-11
9.316991622654314e-11
9.521450294869283e-11
9.726797145503951e-11
9.933209810242261e-11
1.014015538203239e-10
1.034585750403494e-10
1.055031617624991e-10
1.075548539120064e-10
1.095532553563316e-10
1.115196823775477e-10
1.134790039714062e-10
1.153903639306009e-10
1.172573149688105e-10
1.191153842228232e-10
1.209201627716538e-10
1.226840851131783e-10
1.243698477537691e-10
1.260076487596962e-10
1.276170280561928e-10
1.291677875769892e-10
1.306794672473188e-10
1.321325271419482e-10
1.335056509788046e-10
1.348325895378366e-10
1.361115664622048e-10
1.373230418266758e-10
1.384812264859647e-10
1.395772386558747e-10
1.406235128342814e-10
1.41628930805382e-10
1.425863871418187e-10
1.434905527730734e-10
1.443254404875915e-10
1.451265774221611e-10
1.458619891536728e-10
1.465494392505207e-10
1.472066912810988e-10
1.478266398180494e-10
1.483737577245847e-10
1.488711376396168e-10
1.493383194883791e-10
1.497522106319593e-10
1.501305746387516e-10
1.50452095226683e-10
1.507682867440963e-10
1.510418456973639e-10
1.512781011570041e-10
1.514912639777322e-10
1.516617942343146e-10
1.518287717772182e-10
1.519513403991368e-10
1.520437109547856e-10
1.52116541585201e-10
1.521787140745801e-10
1.522337811366015e-10
1.522728609870683e-10
1.522941772691411e-10
1.523101644806957e-10
1.522995063396593e-10
1.522959536259805e-10
1.522941772691411e-10
1.522675319165501e-10
1.522622028460319e-10
1.522373338502803e-10
1.521929249292953e-10
1.521378578672739e-10
1.5208989623261e-10
1.520774617347342e-10
1.520223946727128e-10
1.519850911790854e-10
1.519264714033852e-10
1.51876733411882e-10
1.518252190635394e-10
1.517825864993938e-10
1.517417302920876e-10
1.517204140100148e-10
1.51699097727942e-10
1.516600178774752e-10
1.516120562428114e-10
1.515729763923446e-10
1.51539225612396e-10
1.514965930482504e-10
1.514735004093382e-10
1.514752767661776e-10
1.514663949819806e-10
1.514557368409442e-10
1.514610659114624e-10
1.514841585503746e-10
1.51521462044002e-10
1.515161329734838e-10
1.515267911145202e-10
1.515694236786658e-10
1.515960690312568e-10
1.515978453880962e-10
1.516085035291326e-10
1.51636925238563e-10
1.516831105163874e-10
1.517328485078906e-10
1.51805679138306e-10
1.518785097687214e-10
1.519815384654066e-10
1.521041070873252e-10
1.522124648545287e-10
1.523385861901261e-10
1.524700365962417e-10
1.526316850686271e-10
1.527791226862973e-10
1.52963863797595e-10
1.53159263049929e-10
1.533528859454236e-10
1.535358506998818e-10
1.537578953048069e-10
1.539763871960531e-10
1.541931027304599e-10
1.544311345469396e-10
1.546922590023314e-10
1.549551598145626e-10
1.552429296225455e-10
1.555360285010465e-10
1.558415618774234e-10
1.561648588221942e-10
1.564810503396075e-10
1.568185581390935e-10
1.571809349343312e-10
1.575095609496202e-10
1.578861485995731e-10
1.582787234610805e-10
1.58671298322588e-10
1.590905185366864e-10
1.595239496055001e-10
1.599751442427078e-10
1.604121280252002e-10
1.608579935918897e-10
1.613162936564549e-10
1.618012390736112e-10
1.622968426318039e-10
1.628066570447118e-10
1.63336011382853e-10
1.638333912978851e-10
1.643556402086688e-10
1.648992054015253e-10
1.654498760217393e-10
1.660112047829898e-10
1.665654281168827e-10
1.671196514507756e-10
1.676863092825442e-10
1.682494144006341e-10
1.688196249460816e-10
1.693774009936533e-10
1.699422824685826e-10
1.70530256582424e-10
1.710862562731563e-10
1.716689013164796e-10
1.722515463598029e-10
1.728057696936958e-10
1.733653220981068e-10
1.739230981456785e-10
1.744702160522138e-10
1.749942413198369e-10
1.75536030155854e-10
1.760760426350316e-10
1.766125024005305e-10
1.771507385228688e-10
1.776747637904919e-10
1.781792491328815e-10
1.786890635457894e-10
1.791775616766245e-10
1.796518489527443e-10
1.801261362288642e-10
1.806075289323417e-10
1.810906979926585e-10
1.81580972480333e-10
1.820019690512709e-10
1.824389528337633e-10
1.828794893299346e-10
1.832862750461572e-10
1.836930607623799e-10
1.840678720554934e-10
1.844338015644098e-10
1.847855202186111e-10
1.851354625159729e-10
1.854747466722984e-10
1.857998199739086e-10
1.861018006366066e-10
1.863700305193561e-10
1.866524712568207e-10
1.869313592806066e-10
1.871800492381226e-10
1.87439397336675e-10
1.876898636510305e-10
1.879225663969919e-10
1.881339528608805e-10
1.883453393247692e-10
1.88535409506585e-10
1.887290324020796e-10
1.88926208011253e-10
1.891002909815143e-10
1.892548340265421e-10
1.894182588557669e-10
1.895585910460795e-10
1.897006995932315e-10
1.89835702713026e-10
1.899742585464992e-10
1.90093274454739e-10
1.902193957903364e-10
1.903011082049488e-10
1.9038637333324e-10
1.904911783867647e-10
1.905924307266105e-10
1.906919067096169e-10
1.907682900537111e-10
1.908446733978053e-10
1.909388203102935e-10
1.910205327249059e-10
1.911004687826789e-10
1.91189286624649e-10
1.91278104466619e-10
1.913775804496254e-10
1.914806091463106e-10
1.916085068387474e-10
1.91757720813257e-10
1.918749603646575e-10
1.919584491361093e-10
1.920508196917581e-10
1.921929282389101e-10
1.923154968608287e-10
1.924025383459593e-10
1.925073433994839e-10
1.92649451946636e-10
1.927844550664304e-10
1.929176818293854e-10
1.930455795218222e-10
1.931894644258136e-10
1.933404547571627e-10
1.934807869474753e-10
1.936406590630213e-10
1.937863203238521e-10
1.939195470868071e-10
1.940421157087258e-10
1.94189553326396e-10
1.943281091598692e-10
1.944631122796636e-10
1.946176553246914e-10
1.947757510833981e-10
1.949160832737107e-10
1.950422046093081e-10
1.951772077291025e-10
1.953210926330939e-10
1.954862938191582e-10
1.956159678684344e-10
1.957314310629954e-10
1.958380124733594e-10
1.959463702405628e-10
1.960707152193208e-10
1.961861784138819e-10
1.962803253263701e-10
1.963709195251795e-10
1.964544082966313e-10
1.965254625702073e-10
1.966071749848197e-10
1.966942164699503e-10
1.967705998140445e-10
1.968469831581388e-10
1.969020502201602e-10
1.969464591411452e-10
1.970228424852394e-10
1.970779095472608e-10
1.971205421114064e-10
1.971507401776762e-10
1.971880436713036e-10
1.972182417375734e-10
1.97216465380734e-10
1.972129126670552e-10
1.97216465380734e-10
1.972288998786098e-10
1.972377816628068e-10
1.972537688743614e-10
1.97243110733325e-10
1.97251992517522e-10
1.97260874301719e-10
1.972590979448796e-10
1.972555452312008e-10
1.972733087995948e-10
1.972821905837918e-10
1.97278637870113e-10
1.972715324427554e-10
1.97278637870113e-10
1.97260874301719e-10
1.972502161606826e-10
1.972448870901644e-10
1.972466634470038e-10
1.972537688743614e-10
1.972537688743614e-10
1.972360053059674e-10
1.97216465380734e-10
1.97207583596537e-10
1.971933727418218e-10
1.9719870181234e-10
1.972058072396976e-10
1.972324525922886e-10
1.97243110733325e-10
1.97251992517522e-10
1.972484398038432e-10
1.972821905837918e-10
1.973177177205798e-10
1.9737633749628e-10
1.974349572719802e-10
1.974793661929652e-10
1.974971297613592e-10
1.975131169729138e-10
1.975468677528625e-10
1.975859476033293e-10
1.976712127316205e-10
1.977493724325541e-10
1.977955577103785e-10
1.978435193450423e-10
1.978897046228667e-10
1.979554298259245e-10
1.980495767384127e-10
1.981419472940615e-10
1.982485287044256e-10
1.983408992600744e-10
1.984599151683142e-10
1.9856116750816e-10
1.987068287689908e-10
1.988524900298216e-10
1.989626241538645e-10
1.991171671988923e-10
1.992699338870807e-10
1.994333587163055e-10
1.995950071886909e-10
1.997673138021128e-10
1.999307386313376e-10
2.0010126888792e-10
2.002931154265752e-10
2.004547638989607e-10
2.006466104376159e-10
2.008437860467893e-10
2.010409616559627e-10
2.012541244766908e-10
2.014690636542582e-10
2.01685779188665e-10
2.019291400756629e-10
2.021742773195001e-10
2.024265199906949e-10
2.026769863050504e-10
2.029256762625664e-10
2.031761425769218e-10
2.034425961028319e-10
2.036895097035085e-10
2.039381996610246e-10
2.04233074896365e-10
2.045155156338296e-10
2.047997327281337e-10
2.051177006023863e-10
2.054658665429088e-10
2.05782058060322e-10
2.061391057850415e-10
2.064624027298123e-10
2.06771488819868e-10
2.070983384783176e-10
2.074269644936066e-10
2.077289451563047e-10
2.080327021758421e-10
2.083631045479706e-10
2.086810724222232e-10
2.090203565785487e-10
2.093596407348741e-10
2.096882667501632e-10
2.10029327263328e-10
2.103544005649383e-10
2.107025665054607e-10
2.110436270186256e-10
2.113615948928782e-10
2.11693773621846e-10
2.120277287076533e-10
2.123634601502999e-10
2.126778753108738e-10
2.12976303259893e-10
2.133049292751821e-10
2.135926990831649e-10
2.13894679745863e-10
2.142286348316702e-10
2.145128519259742e-10
2.148006217339571e-10
2.151008260398157e-10
2.154472156234988e-10
2.157829470661454e-10
2.160618350899313e-10
2.163194068316443e-10
2.165787549301967e-10
2.16841655742428e-10
2.171027801978198e-10
2.173496937984964e-10
2.175948310423337e-10
2.178524027840467e-10
2.180780001026505e-10
2.182876102096998e-10
2.185096548146248e-10
2.187494629879438e-10
2.189874948044235e-10
2.192042103388303e-10
2.193942805206461e-10
2.196127724118924e-10
2.19833040659978e-10
2.200231108417938e-10
2.20179430243661e-10
2.203268678613313e-10
2.205151616863077e-10
2.207016791544447e-10
2.208775384815453e-10
2.210338578834126e-10
2.211741900737252e-10
2.21328733118753e-10
2.21479723450102e-10
2.21621831997254e-10
2.217799277559607e-10
2.219167072325945e-10
2.220179595724403e-10
2.221351991238407e-10
2.222488859615623e-10
2.223288220193353e-10
2.224194162181448e-10
2.225277739853482e-10
2.22620144540997e-10
2.226894224577336e-10
2.22753371303952e-10
2.228084383659734e-10
2.228794926395494e-10
2.229239015605344e-10
2.229771922657164e-10
2.230322593277378e-10
2.230819973192411e-10
2.231193008128685e-10
2.231619333770141e-10
2.232187767958749e-10
2.232702911442175e-10
2.233218054925601e-10
2.233697671272239e-10
2.234017415503331e-10
2.234248341892453e-10
2.234727958239091e-10
2.234852303217849e-10
2.235189811017335e-10
2.235562845953609e-10
2.235776008774337e-10
2.236060225868641e-10
2.236664187194037e-10
2.237072749267099e-10
2.237321439224615e-10
2.237481311340161e-10
2.237765528434466e-10
2.237836582708042e-10
2.238209617644316e-10
2.238600416148984e-10
2.238902396811682e-10
2.23911555963241e-10
2.239701757389412e-10
2.240074792325686e-10
2.240465590830354e-10
2.240909680040204e-10
2.241300478544872e-10
2.241655749912752e-10
2.242028784849026e-10
2.242384056216906e-10
2.242916963268726e-10
2.243432106752152e-10
2.24373408741485e-10
2.244302521603458e-10
2.245084118612795e-10
2.245688079938191e-10
2.246025587737677e-10
2.246434149810739e-10
2.246842711883801e-10
2.247393382504015e-10
2.247642072461531e-10
2.247961816692623e-10
2.248476960176049e-10
2.249063157933051e-10
2.249720409963629e-10
2.250040154194721e-10
2.250288844152237e-10
2.250661879088511e-10
2.251230313277119e-10
2.251461239666241e-10
2.251585584644999e-10
2.252082964560032e-10
2.252455999496306e-10
2.252615871611852e-10
2.25291785227455e-10
2.253237596505642e-10
2.25353957716834e-10
2.253592867873522e-10
2.253877084967826e-10
2.254036957083372e-10
2.254054720651766e-10
2.254143538493736e-10
2.254303410609282e-10
2.254445519156434e-10
2.254747499819132e-10
2.255067244050224e-10
2.255244879734164e-10
2.255262643302558e-10
2.255511333260074e-10
2.256044240311894e-10
2.25629293026941e-10
2.256488329521744e-10
2.256683728774078e-10
2.2569146551632e-10
2.257252162962686e-10
2.257660725035748e-10
2.258015996403628e-10
2.258460085613478e-10
2.258762066276176e-10
2.258992992665299e-10
2.259135101212451e-10
2.259525899717119e-10
2.259792353243029e-10
2.259881171084999e-10
2.260023279632151e-10
2.260414078136819e-10
2.260804876641487e-10
2.261071330167397e-10
2.261462128672065e-10
2.262225962113007e-10
2.262403597796947e-10
2.262616760617675e-10
2.263025322690737e-10
2.263380594058617e-10
2.263504939037375e-10
2.263824683268467e-10
2.264144427499559e-10
2.264552989572621e-10
2.265085896624441e-10
2.265565512971079e-10
2.265956311475747e-10
2.266489218527568e-10
2.267057652716176e-10
2.267839249725512e-10
2.268532028892878e-10
2.269064935944698e-10
2.269846532954034e-10
2.270663657100158e-10
2.27160512622504e-10
2.27249330464474e-10
2.273612409453563e-10
2.274500587873263e-10
2.275548638408509e-10
2.276454580396603e-10
2.277538158068637e-10
2.278550681467095e-10
2.279492150591977e-10
2.280540201127224e-10
2.28167706950444e-10
2.28256524792414e-10
2.283595534890992e-10
2.284590294721056e-10
2.285602818119514e-10
2.286633105086366e-10
2.287663392053219e-10
2.288960132545981e-10
2.290434508722683e-10
2.291731249215445e-10
2.292832590455873e-10
2.293987222401483e-10
2.295319490031034e-10
2.296687284797372e-10
2.298214951679256e-10
2.299440637898442e-10
2.30071961482281e-10
2.302051882452361e-10
2.303544022197457e-10
2.305267088331675e-10
2.306830282350347e-10
2.308624402758142e-10
2.310187596776814e-10
2.311750790795486e-10
2.31327845767737e-10
2.314823888127648e-10
2.316369318577927e-10
2.318003566870175e-10
2.319477943046877e-10
2.321574044117369e-10
2.323634618051074e-10
2.325446502027262e-10
2.32752483952936e-10
2.32912356068482e-10
2.331024262502979e-10
2.332942727889531e-10
2.334843429707689e-10
2.336566495841907e-10
2.338520488365248e-10
2.340474480888588e-10
2.342499527685504e-10
2.344133775977753e-10
2.345927896385547e-10
2.347704253224947e-10
2.349409555790771e-10
2.351079331219808e-10
2.352500416691328e-10
2.353957029299636e-10
2.355768913275824e-10
2.3576163243888e-10
2.359339390523019e-10
2.360831530268115e-10
2.362288142876423e-10
2.363584883369185e-10
2.365538875892526e-10
2.366959961364046e-10
2.368416573972354e-10
2.36999753155942e-10
2.371827179104002e-10
2.373461427396251e-10
2.375042384983317e-10
2.376481234023231e-10
2.378204300157449e-10
2.379660912765758e-10
2.380886598984944e-10
2.382432029435222e-10
2.383728769927984e-10
2.385256436809868e-10
2.386819630828541e-10
2.388258479868455e-10
2.389377584677277e-10
2.390603270896463e-10
2.392006592799589e-10
2.393445441839503e-10
2.394457965237962e-10
2.395488252204814e-10
2.396571829876848e-10
2.397726461822458e-10
2.398827803062886e-10
2.400231124966012e-10
2.401439047616805e-10
2.402380516741687e-10
2.403037768772265e-10
2.403890420055177e-10
2.404441090675391e-10
2.405151633411151e-10
2.405915466852093e-10
2.406519428177489e-10
2.407229970913249e-10
2.407638532986311e-10
2.408313548585284e-10
2.408704347089952e-10
2.409343835552136e-10
2.410018851151108e-10
2.410622812476504e-10
2.411297828075476e-10
2.411919552969266e-10
2.412221533631964e-10
2.412452460021086e-10
2.412612332136632e-10
2.412807731388966e-10
2.413163002756846e-10
2.41371367337706e-10
2.413962363334576e-10
2.414264343997274e-10
2.41433539827085e-10
2.414530797523184e-10
2.41451303395479e-10
2.414619615365154e-10
2.414903832459458e-10
2.415205813122157e-10
2.415116995280187e-10
2.415152522416975e-10
2.414974886733035e-10
2.415063704575005e-10
2.415081468143399e-10
2.415045941006611e-10
2.414886068891064e-10
2.4147794874807e-10
2.415116995280187e-10
2.415170285985369e-10
2.415134758848581e-10
2.415045941006611e-10
2.415010413869823e-10
2.415241340258945e-10
2.415152522416975e-10
2.415330158100915e-10
2.415294630964127e-10
2.415490030216461e-10
2.415898592289523e-10
2.416147282247039e-10
2.416324917930979e-10
2.416378208636161e-10
2.416502553614919e-10
2.416467026478131e-10
2.416395972204555e-10
2.416218336520615e-10
2.416129518678645e-10
2.416147282247039e-10
2.416289390794191e-10
2.416182809383827e-10
2.416200572952221e-10
2.416076227973463e-10
2.416165045815433e-10
2.416147282247039e-10
2.416200572952221e-10
2.416253863657403e-10
2.416378208636161e-10
2.416165045815433e-10
2.415898592289523e-10
2.416040700836675e-10
2.416093991541857e-10
2.416040700836675e-10
2.416111755110251e-10
2.416058464405069e-10
2.416253863657403e-10
2.416395972204555e-10
2.416538080751707e-10
2.416555844320101e-10
2.416502553614919e-10
2.416378208636161e-10
2.416324917930979e-10
2.416324917930979e-10
2.416342681499373e-10
2.416360445067767e-10
2.416520317183313e-10
2.416484790046525e-10
2.416538080751707e-10
2.416573607888495e-10
2.416520317183313e-10
2.416395972204555e-10
2.416147282247039e-10
2.416005173699887e-10
2.415969646563099e-10
2.416058464405069e-10
2.416218336520615e-10
2.416360445067767e-10
2.416058464405069e-10
2.415987410131493e-10
2.415916355857917e-10
2.415596611626825e-10
2.415561084490037e-10
2.415543320921643e-10
2.415667665900401e-10
2.415614375195219e-10
2.415383448806097e-10
2.415365685237703e-10
2.415490030216461e-10
2.415756483742371e-10
2.415756483742371e-10
2.415827538015947e-10
2.415987410131493e-10
2.415916355857917e-10
2.415880828721129e-10
2.415880828721129e-10
2.415898592289523e-10
2.416129518678645e-10
2.416129518678645e-10
2.416218336520615e-10
2.416129518678645e-10
2.416040700836675e-10
2.416040700836675e-10
2.416005173699887e-10
2.415987410131493e-10
2.416076227973463e-10
2.416289390794191e-10
2.416591371456889e-10
2.416804534277617e-10
2.417159805645497e-10
2.417657185560529e-10
2.417941402654833e-10
2.418278910454319e-10
2.418794053937745e-10
2.419078271032049e-10
2.419504596673505e-10
2.419984213020143e-10
2.420375011524811e-10
2.420996736418601e-10
2.421565170607209e-10
2.422062550522242e-10
2.422346767616546e-10
2.422684275416032e-10
2.4230750739207e-10
2.423554690267338e-10
2.424069833750764e-10
2.424354050845068e-10
2.42458497723419e-10
2.424993539307252e-10
2.42538433781192e-10
2.425757372748194e-10
2.426343570505196e-10
2.42707187680935e-10
2.427729128839928e-10
2.428333090165324e-10
2.429079160037872e-10
2.429629830658087e-10
2.430375900530635e-10
2.431246315381941e-10
2.432383183759157e-10
2.433466761431191e-10
2.434248358440527e-10
2.435118773291833e-10
2.436024715279927e-10
2.436948420836416e-10
2.437996471371662e-10
2.438778068380998e-10
2.439506374685152e-10
2.440287971694488e-10
2.441016277998642e-10
2.44193998355513e-10
2.442970270521982e-10
2.443787394668107e-10
2.444746627361383e-10
2.445457170097143e-10
2.446185476401297e-10
2.446949309842239e-10
2.447588798304423e-10
2.448512503860911e-10
2.449400682280611e-10
2.450466496384252e-10
2.451265856961982e-10
2.452136271813288e-10
2.4529889230962e-10
2.45396591935787e-10
2.455085024166692e-10
2.456044256859968e-10
2.457110070963608e-10
2.457962722246521e-10
2.458708792119069e-10
2.459366044149647e-10
2.460058823317013e-10
2.460822656757955e-10
2.461657544472473e-10
2.462634540734143e-10
2.463469428448661e-10
2.46465958753106e-10
2.465689874497912e-10
2.466755688601552e-10
2.467910320547162e-10
2.46892284394562e-10
2.469793258796926e-10
2.470574855806262e-10
2.471249871405234e-10
2.471942650572601e-10
2.472475557624421e-10
2.473381499612515e-10
2.474109805916669e-10
2.474589422263307e-10
2.474962457199581e-10
2.475388782841037e-10
2.476046034871615e-10
2.476738814038981e-10
2.477218430385619e-10
2.477769101005833e-10
2.478390825899623e-10
2.479119132203778e-10
2.479598748550416e-10
2.480256000580994e-10
2.48085996190639e-10
2.481463923231786e-10
2.481694849620908e-10
2.481961303146818e-10
2.482227756672728e-10
2.482885008703306e-10
2.48316922579761e-10
2.483648842144248e-10
2.48414622205928e-10
2.484608074837524e-10
2.484661365542706e-10
2.484821237658252e-10
2.484839001226646e-10
2.485265326868102e-10
2.485798233919922e-10
2.486597594497653e-10
2.487130501549473e-10
2.487574590759323e-10
2.487610117896111e-10
2.488089734242749e-10
2.488711459136539e-10
2.488764749841721e-10
2.488818040546903e-10
2.488693695568145e-10
2.488658168431357e-10
2.488835804115297e-10
2.488853567683691e-10
2.488711459136539e-10
2.489013439799237e-10
2.489262129756753e-10
2.489386474735511e-10
2.489759509671785e-10
2.490097017471271e-10
2.490221362450029e-10
2.490452288839151e-10
2.490558870249515e-10
2.490647688091485e-10
2.490700978796667e-10
2.490985195890971e-10
2.491251649416881e-10
2.491287176553669e-10
2.491447048669215e-10
2.491553630079579e-10
2.491482575806003e-10
2.491500339374397e-10
2.491624684353155e-10
2.491713502195125e-10
2.491837847173883e-10
2.491713502195125e-10
2.491695738626731e-10
2.491518102942791e-10
2.491500339374397e-10
2.491500339374397e-10
2.491464812237609e-10
2.491393757964033e-10
2.491749029331913e-10
2.491979955721035e-10
2.492051009994611e-10
2.492317463520521e-10
2.492299699952127e-10
2.492441808499279e-10
2.492779316298765e-10
2.492885897709129e-10
2.49315235123504e-10
2.49324116907701e-10
2.493365514055768e-10
2.493649731150072e-10
2.493809603265618e-10
2.494200401770286e-10
2.494289219612256e-10
2.494555673138166e-10
2.494608963843348e-10
2.49492870807444e-10
2.495159634463562e-10
2.49528397944232e-10
2.49555043296823e-10
2.495621487241806e-10
2.495674777946988e-10
2.495621487241806e-10
2.495745832220564e-10
2.495870177199322e-10
2.496030049314868e-10
2.49590570433611e-10
2.49590570433611e-10
2.496012285746474e-10
2.495852413630928e-10
2.495763595788958e-10
2.4956392508102e-10
2.496012285746474e-10
2.495852413630928e-10
2.495834650062534e-10
2.495781359357352e-10
2.495621487241806e-10
2.495852413630928e-10
2.496118867156838e-10
2.496030049314868e-10
2.496225448567202e-10
2.496456374956324e-10
2.496456374956324e-10
2.496545192798294e-10
2.496776119187416e-10
2.49670506491384e-10
2.496776119187416e-10
2.496847173460992e-10
2.496740592050628e-10
2.496953754871356e-10
2.497220208397266e-10
2.497628770470328e-10
2.497664297607116e-10
2.497522189059964e-10
2.49759324333354e-10
2.497753115449086e-10
2.497841933291056e-10
2.497806406154268e-10
2.497646534038722e-10
2.49732678980763e-10
2.497468898354782e-10
2.497557716196752e-10
2.49750442549157e-10
2.497646534038722e-10
2.497806406154268e-10
2.498108386816966e-10
2.498143913953754e-10
2.49839260391127e-10
2.498676821005574e-10
2.498854456689514e-10
2.498907747394696e-10
2.498978801668272e-10
2.499298545899364e-10
2.499227491625788e-10
2.499227491625788e-10
2.49945841801491e-10
2.499671580835638e-10
2.499795925814396e-10
2.499955797929942e-10
2.500044615771913e-10
2.500133433613883e-10
2.500417650708187e-10
2.500399887139793e-10
2.500346596434611e-10
2.500293305729429e-10
2.500364360003005e-10
2.500826212781249e-10
2.501092666307159e-10
2.501199247717523e-10
2.501394646969857e-10
2.501998608295253e-10
2.502247298252769e-10
2.502460461073497e-10
2.503135476672469e-10
2.503472984471955e-10
2.503934837250199e-10
2.504556562143989e-10
2.505160523469385e-10
2.506101992594267e-10
2.507114515992726e-10
2.507558605202576e-10
2.507736240886516e-10
2.507789531591698e-10
2.507913876570456e-10
2.507949403707244e-10
2.508411256485488e-10
2.508837582126944e-10
2.508944163537308e-10
2.509299434905188e-10
2.509921159798978e-10
2.510027741209342e-10
2.5101520861881e-10
2.510613938966344e-10
2.511004737471012e-10
2.511448826680862e-10
2.511892915890712e-10
2.512319241532168e-10
2.513065311404716e-10
2.513900199119234e-10
2.514717323265359e-10
2.515587738116665e-10
2.516387098694395e-10
2.516493680104759e-10
2.516671315788699e-10
2.516937769314609e-10
2.517346331387671e-10
2.517808184165915e-10
2.518163455533795e-10
2.518500963333281e-10
2.518749653290797e-10
2.518767416859191e-10
2.519158215363859e-10
2.519424668889769e-10
2.519762176689255e-10
2.520188502330711e-10
2.520597064403773e-10
2.520934572203259e-10
2.521183262160775e-10
2.521307607139534e-10
2.521751696349384e-10
2.522053677012082e-10
2.522604347632296e-10
2.52279974688463e-10
2.522924091863388e-10
2.523119491115722e-10
2.523758979577906e-10
2.524593867292424e-10
2.525233355754608e-10
2.525712972101246e-10
2.526157061311096e-10
2.526867604046856e-10
2.527560383214222e-10
2.52786236387692e-10
2.528182108108012e-10
2.528448561633923e-10
2.528626197317863e-10
2.528768305865015e-10
2.529123577232895e-10
2.529478848600775e-10
2.530011755652595e-10
2.530224918473323e-10
2.530402554157263e-10
2.530384790588869e-10
2.530686771251567e-10
2.530651244114779e-10
2.530669007683173e-10
2.530793352661931e-10
2.530882170503901e-10
2.530988751914265e-10
2.531201914734993e-10
2.531521658966085e-10
2.531912457470753e-10
2.532249965270239e-10
2.532338783112209e-10
2.532054566017905e-10
2.532214438133451e-10
2.532463128090967e-10
2.532605236638119e-10
2.532836163027241e-10
2.532658527343301e-10
2.532694054480089e-10
2.532711818048483e-10
2.532996035142787e-10
2.532942744437605e-10
2.532996035142787e-10
2.532996035142787e-10
2.533049325847969e-10
2.533067089416363e-10
2.533173670826727e-10
2.533528942194607e-10
2.533582232899789e-10
2.533546705763001e-10
2.533546705763001e-10
2.533546705763001e-10
2.533617760036577e-10
2.533688814310153e-10
2.533759868583729e-10
2.534026322109639e-10
2.534097376383215e-10
2.534132903520003e-10
2.534150667088397e-10
2.533884213562487e-10
2.534026322109639e-10
2.534168430656791e-10
2.534434884182701e-10
2.534203957793579e-10
2.534168430656791e-10
2.534186194225185e-10
2.534026322109639e-10
2.534310539203943e-10
2.534417120614307e-10
2.534292775635549e-10
2.534079612814821e-10
2.534061849246427e-10
2.533582232899789e-10
2.533244725100303e-10
2.533209197963515e-10
2.533315779373879e-10
2.533386833647455e-10
2.533369070079061e-10
2.533226961531909e-10
2.533262488668697e-10
2.533369070079061e-10
2.533351306510667e-10
2.533369070079061e-10
2.533457887921031e-10
2.533369070079061e-10
2.533262488668697e-10
2.533333542942273e-10
2.533280252237091e-10
2.533049325847969e-10
2.533031562279575e-10
2.532978271574393e-10
2.533155907258333e-10
2.532996035142787e-10
2.532836163027241e-10
2.532978271574393e-10
2.533049325847969e-10
2.532800635890453e-10
2.532498655227755e-10
2.532498655227755e-10
2.532463128090967e-10
2.532534182364543e-10
2.532569709501331e-10
2.532765108753665e-10
2.532765108753665e-10
2.532765108753665e-10
2.532907217300817e-10
2.532996035142787e-10
2.532871690164029e-10
2.532996035142787e-10
2.533138143689939e-10
2.532996035142787e-10
2.532978271574393e-10
2.533049325847969e-10
2.533084852984757e-10
2.533173670826727e-10
2.533173670826727e-10
2.533226961531909e-10
2.533013798711181e-10
2.533049325847969e-10
2.532996035142787e-10
2.532836163027241e-10
2.532765108753665e-10
2.532800635890453e-10
2.532640763774907e-10
2.532836163027241e-10
2.533244725100303e-10
2.533475651489425e-10
2.533688814310153e-10
2.533848686425699e-10
2.533919740699275e-10
2.534061849246427e-10
2.534097376383215e-10
2.533848686425699e-10
2.533866449994093e-10
2.533990794972851e-10
2.533990794972851e-10
2.533830922857305e-10
2.533706577878547e-10
2.533742105015335e-10
2.533866449994093e-10
2.534079612814821e-10
2.534061849246427e-10
2.533955267836063e-10
2.534310539203943e-10
2.534736864845399e-10
2.534932264097733e-10
2.535163190486855e-10
2.535411880444371e-10
2.535571752559918e-10
2.535376353307583e-10
2.535287535465613e-10
2.535482934717948e-10
2.5356250432651e-10
2.535784915380646e-10
2.536140186748526e-10
2.536175713885314e-10
2.536388876706042e-10
2.536850729484286e-10
2.53686849305268e-10
2.536797438779104e-10
2.53713494657859e-10
2.537188237283772e-10
2.537330345830924e-10
2.537454690809682e-10
2.537703380767198e-10
2.53784548931435e-10
2.537703380767198e-10
2.53775667147238e-10
2.53775667147238e-10
2.537774435040774e-10
2.53775667147238e-10
2.53757903578844e-10
2.537543508651652e-10
2.537650090062016e-10
2.537916543587926e-10
2.53855603205011e-10
2.538804722007626e-10
2.53900012125996e-10
2.539408683333022e-10
2.539835008974478e-10
2.539959353953236e-10
2.540012644658418e-10
2.539994881090024e-10
2.540385679594692e-10
2.540279098184328e-10
2.540474497436662e-10
2.540616605983814e-10
2.540740950962572e-10
2.540669896688996e-10
2.540936350214906e-10
2.540883059509724e-10
2.540900823078118e-10
2.541096222330452e-10
2.541060695193664e-10
2.540918586646512e-10
2.540936350214906e-10
2.540829768804542e-10
2.54077647809936e-10
2.54077647809936e-10
2.5409541137833e-10
2.541185040172422e-10
2.541256094445998e-10
2.54104293162527e-10
2.541256094445998e-10
2.54148702083512e-10
2.541789001497818e-10
2.542055455023728e-10
2.54210874572891e-10
2.542250854276062e-10
2.542126509297304e-10
2.542215327139274e-10
2.542730470622701e-10
2.543050214853793e-10
2.543565358337219e-10
2.543831811863129e-10
2.544116028957433e-10
2.544329191778161e-10
2.544400246051737e-10
2.544631172440859e-10
2.544897625966769e-10
2.544879862398375e-10
2.545039734513921e-10
2.545235133766255e-10
2.545341715176619e-10
2.545643695839317e-10
2.545856858660045e-10
2.545768040818075e-10
2.546070021480773e-10
2.546318711438289e-10
2.546354238575077e-10
2.546354238575077e-10
2.546549637827411e-10
2.546673982806169e-10
2.547100308447625e-10
2.547348998405141e-10
2.547722033341415e-10
2.548254940393235e-10
2.548894428855419e-10
2.549391808770451e-10
2.549640498727967e-10
2.549818134411908e-10
2.550013533664242e-10
2.550297750758546e-10
2.550528677147668e-10
2.550564204284456e-10
2.55058196785285e-10
2.550653022126426e-10
2.550724076400002e-10
2.551061584199488e-10
2.551487909840944e-10
2.551576727682914e-10
2.551612254819702e-10
2.5519142354824e-10
2.552322797555462e-10
2.552287270418674e-10
2.552340561123856e-10
2.552500433239402e-10
2.55253596037619e-10
2.552589251081372e-10
2.552500433239402e-10
2.55253596037619e-10
2.552518196807796e-10
2.552518196807796e-10
2.55253596037619e-10
2.552198452576704e-10
2.552251743281886e-10
2.552287270418674e-10
2.552198452576704e-10
2.55235832469225e-10
2.552660305354948e-10
2.552678068923342e-10
2.552855704607282e-10
2.552784650333706e-10
2.552997813154434e-10
2.553033340291222e-10
2.552731359628524e-10
2.553175448838374e-10
2.553388611659102e-10
2.55342413879589e-10
2.553761646595376e-10
2.55404586368968e-10
2.55422349937362e-10
2.554418898625954e-10
2.554543243604712e-10
2.554596534309894e-10
2.554632061446682e-10
2.554880751404198e-10
2.555040623519744e-10
2.554969569246168e-10
2.554951805677774e-10
2.554951805677774e-10
2.554809697130622e-10
2.554809697130622e-10
2.555182732066896e-10
2.555324840614048e-10
2.555324840614048e-10
2.555413658456018e-10
2.555697875550322e-10
2.555768929823898e-10
2.555893274802656e-10
2.55582222052908e-10
2.555591294139958e-10
2.55573340268711e-10
2.555857747665868e-10
2.55582222052908e-10
2.55564458484514e-10
2.555502476297988e-10
2.555857747665868e-10
2.55564458484514e-10
2.55564458484514e-10
2.555697875550322e-10
2.55573340268711e-10
2.555839984097474e-10
2.555964329076232e-10
2.556301836875718e-10
2.55662158110681e-10
2.55671039894878e-10
2.556728162517174e-10
2.557065670316661e-10
2.557438705252935e-10
2.557474232389723e-10
2.557563050231693e-10
2.557882794462785e-10
2.557971612304755e-10
2.558113720851907e-10
2.558238065830665e-10
2.558380174377817e-10
2.558522282924969e-10
2.558842027156061e-10
2.559037426408395e-10
2.559339407071093e-10
2.559747969144155e-10
2.559996659101671e-10
2.559943368396489e-10
2.559890077691307e-10
2.560103240512035e-10
2.560121004080429e-10
2.560405221174733e-10
2.560796019679401e-10
2.560938128226553e-10
2.560938128226553e-10
2.561062473205311e-10
2.561204581752463e-10
2.561222345320857e-10
2.561204581752463e-10
2.561080236773705e-10
2.561026946068523e-10
2.560955891794947e-10
2.561080236773705e-10
2.561293399594433e-10
2.561346690299615e-10
2.561666434530707e-10
2.561932888056617e-10
2.561968415193405e-10
2.561826306646253e-10
2.561559853120343e-10
2.561684198099101e-10
2.561701961667495e-10
2.561506562415161e-10
2.561595380257131e-10
2.561826306646253e-10
2.562146050877345e-10
2.562146050877345e-10
2.561986178761799e-10
2.561879597351435e-10
2.561932888056617e-10
2.561968415193405e-10
2.562323686561285e-10
2.562483558676831e-10
2.562625667223983e-10
2.562927647886681e-10
2.563318446391349e-10
2.563460554938501e-10
2.563727008464411e-10
2.563584899917259e-10
2.563709244896017e-10
2.563425027801713e-10
2.563105283570621e-10
2.562838830044711e-10
2.562803302907923e-10
2.562750012202741e-10
2.562732248634347e-10
2.562678957929165e-10
2.562483558676831e-10
2.562572376518801e-10
2.562678957929165e-10
2.562785539339529e-10
2.563176337844197e-10
2.563496082075289e-10
2.563531609212077e-10
2.563442791370107e-10
2.563584899917259e-10
2.563620427054047e-10
2.563727008464411e-10
2.563496082075289e-10
2.563425027801713e-10
2.563496082075289e-10
2.563638190622441e-10
2.563833589874775e-10
2.56402898912711e-10
2.564135570537474e-10
2.56438426049499e-10
2.56456189617893e-10
2.5646507140209e-10
2.56491716754681e-10
2.565165857504326e-10
2.565379020325054e-10
2.565325729619872e-10
2.565325729619872e-10
2.56545007459863e-10
2.56589416380848e-10
2.565947454513662e-10
2.56589416380848e-10
2.565876400240086e-10
2.56598298165045e-10
2.565965218082056e-10
2.565787582398116e-10
2.565467838167024e-10
2.565681000987752e-10
2.565787582398116e-10
2.565769818829722e-10
2.56598298165045e-10
2.56616061733439e-10
2.566498125133876e-10
2.566764578659786e-10
2.566995505048908e-10
2.567279722143212e-10
2.567297485711606e-10
2.567031032185696e-10
2.566764578659786e-10
2.56687116007015e-10
2.56695997791212e-10
2.567013268617302e-10
2.566995505048908e-10
2.567297485711606e-10
2.56740406712197e-10
2.56731524928e-10
2.567190904301242e-10
2.567066559322484e-10
2.567350776416788e-10
2.567723811353062e-10
2.56775933848985e-10
2.567510648532334e-10
2.567546175669122e-10
2.567865919900214e-10
2.568008028447366e-10
2.567990264878972e-10
2.568185664131306e-10
2.568434354088822e-10
2.568345536246852e-10
2.56846988122561e-10
2.568665280477944e-10
2.56882515259349e-10
2.569038315414218e-10
2.56891397043546e-10
2.568985024709036e-10
2.569144896824582e-10
2.569251478234946e-10
2.569642276739614e-10
2.569944257402312e-10
2.569908730265524e-10
2.570086365949464e-10
2.570050838812676e-10
2.570228474496616e-10
2.570352819475374e-10
2.570104129517858e-10
2.570139656654646e-10
2.570619273001284e-10
2.570796908685224e-10
2.570708090843254e-10
2.57060150943289e-10
2.57042387374895e-10
2.57051269159092e-10
2.570743617980042e-10
2.57060150943289e-10
2.57051269159092e-10
2.57051269159092e-10
2.570814672253618e-10
2.570885726527194e-10
2.570992307937559e-10
2.571489687852591e-10
2.571685087104925e-10
2.571916013494047e-10
2.572324575567109e-10
2.572448920545867e-10
2.572555501956231e-10
2.572697610503383e-10
2.572644319798201e-10
2.572502211251049e-10
2.572448920545867e-10
2.572484447682655e-10
2.572750901208565e-10
2.573159463281627e-10
2.573159463281627e-10
2.573266044691991e-10
2.573745661038629e-10
2.573870006017387e-10
2.573905533154175e-10
2.574012114564539e-10
2.574118695974903e-10
2.573923296722569e-10
2.573763424607023e-10
2.573798951743811e-10
2.573870006017387e-10
2.573763424607023e-10
2.573692370333447e-10
2.573727897470235e-10
2.573337098965567e-10
2.573248281123597e-10
2.573408153239143e-10
2.573496971081113e-10
2.573408153239143e-10
2.573248281123597e-10
2.573052881871263e-10
2.572928536892505e-10
2.572928536892505e-10
2.572910773324111e-10
2.572875246187323e-10
2.572893009755717e-10
2.573052881871263e-10
2.573035118302869e-10
2.573070645439657e-10
2.572733137640171e-10
2.572626556229807e-10
2.572395629840685e-10
2.572377866272291e-10
2.572217994156745e-10
2.572253521293533e-10
2.572360102703897e-10
2.572413393409079e-10
2.572484447682655e-10
2.572395629840685e-10
2.572306811998715e-10
2.572271284861927e-10
2.572271284861927e-10
2.572164703451563e-10
2.572022594904411e-10
2.571916013494047e-10
2.572075885609593e-10
2.571844959220471e-10
2.571738377810107e-10
2.571418633579015e-10
2.571240997895075e-10
2.571454160715803e-10
2.571667323536531e-10
2.571542978557773e-10
2.571489687852591e-10
2.571383106442227e-10
2.571383106442227e-10
2.571454160715803e-10
2.571667323536531e-10
2.571844959220471e-10
2.571685087104925e-10
2.571560742126167e-10
2.571418633579015e-10
2.571525214989379e-10
2.571542978557773e-10
2.571738377810107e-10
2.571702850673319e-10
2.571827195652077e-10
2.571667323536531e-10
2.571471924284197e-10
2.571507451420985e-10
2.571489687852591e-10
2.571685087104925e-10
2.572182467019957e-10
2.572271284861927e-10
2.572058122041199e-10
2.572040358472805e-10
2.571969304199229e-10
2.572040358472805e-10
2.572182467019957e-10
2.572200230588351e-10
2.572537738387837e-10
2.572626556229807e-10
2.572697610503383e-10
2.572715374071777e-10
2.572768664776959e-10
2.572679846934989e-10
2.572555501956231e-10
2.572235757725139e-10
2.572146939883169e-10
2.572306811998715e-10
2.572253521293533e-10
2.572164703451563e-10
2.572324575567109e-10
2.572537738387837e-10
2.572608792661413e-10
2.572893009755717e-10
2.573070645439657e-10
2.573248281123597e-10
2.573425916807537e-10
2.573496971081113e-10
2.573496971081113e-10
2.573408153239143e-10
2.573514734649507e-10
2.573496971081113e-10
2.573461443944325e-10
2.573443680375931e-10
2.573408153239143e-10
2.573621316059871e-10
2.573550261786295e-10
2.573390389670749e-10
2.573159463281627e-10
2.573177226850021e-10
2.572946300460899e-10
2.572839719050535e-10
2.572839719050535e-10
2.572804191913747e-10
2.572715374071777e-10
2.572360102703897e-10
2.571933777062441e-10
2.571951540630835e-10
2.571631796399743e-10
2.571667323536531e-10
2.571667323536531e-10
2.571596269262955e-10
2.571862722788865e-10
2.571880486357259e-10
2.571329815737045e-10
2.571205470758287e-10
2.571294288600257e-10
2.571258761463469e-10
2.571134416484711e-10
2.571081125779529e-10
2.571205470758287e-10
2.571169943621499e-10
2.570956780800771e-10
2.570743617980042e-10
2.57051269159092e-10
2.570548218727708e-10
2.570672563706466e-10
2.570743617980042e-10
2.570761381548436e-10
2.570885726527194e-10
2.571169943621499e-10
2.571312052168651e-10
2.571418633579015e-10
