1.808331262509455e-12
4.806821607417078e-12
4.858335955759685e-12
4.808597964256478e-12
4.742872761198669e-12
4.68425298549846e-12
4.641620421352854e-12
4.559908006740443e-12
4.440892098500626e-12
4.286349053472804e-12
4.126476937926782e-12
3.97015753605956e-12
3.820943561549939e-12
3.694822225952521e-12
3.588240815588506e-12
3.510081114654895e-12
3.410605131648481e-12
3.33599814439367e-12
3.254285729781259e-12
3.18856052672345e-12
3.113953539468639e-12
3.058886477447231e-12
2.996713988068223e-12
2.90434343241941e-12
2.817301947288797e-12
2.700062395888381e-12
2.557953848736361e-12
2.351896455365932e-12
2.140509991477302e-12
1.91313631603407e-12
1.652011860642233e-12
1.358912982141192e-12
1.023181539494544e-12
6.661338147750939e-13
2.362554596402333e-13
2.451372438372346e-13
7.531752999057062e-13
1.298516849601583e-12
1.877609179246065e-12
2.470912363605748e-12
3.145927962577844e-12
3.854694341498544e-12
4.61319871192245e-12
5.414335646491963e-12
6.259881502046483e-12
7.140954494389007e-12
8.034461984607333e-12
8.924416761146858e-12
9.833911462919787e-12
1.078248601515952e-11
1.172217878320225e-11
1.261746263025998e-11
1.34541267016175e-11
1.424105278147181e-11
1.494981916039251e-11
1.555910955630679e-11
1.606004218501766e-11
1.643662983497052e-11
1.668176707880775e-11
1.672972871347156e-11
1.654143488849513e-11
1.614886002698768e-11
1.546673900065798e-11
1.448086095479084e-11
1.313615882736485e-11
1.138822369739501e-11
9.213962925969099e-12
6.608047442568932e-12
3.515410185173096e-12
1.154631945610163e-13
4.309441692385008e-12
9.084288876692881e-12
1.452171716209705e-11
2.05879757686489e-11
2.734523718572746e-11
3.481126498172671e-11
4.303046807763167e-11
5.197620112085133e-11
6.16910966755313e-11
7.214850938908057e-11
8.339995360984176e-11
9.542056034206325e-11
1.082440803656937e-10
1.219291334564332e-10
1.364881541121576e-10
1.519691039675308e-10
1.683826411635891e-10
1.857713982644782e-10
2.040980717765706e-10
2.232880547126115e-10
2.432258838780399e-10
2.636735274563762e-10
2.843201230007253e-10
3.048548080641922e-10
3.248601387895178e-10
3.439843965225009e-10
3.619202715299252e-10
3.78424402924793e-10
3.932996150979307e-10
4.064446557094925e-10
4.178506429752815e-10
4.275406695342099e-10
4.355662497346202e-10
4.419540289291035e-10
4.468443393079724e-10
4.503135642153211e-10
4.525482211192866e-10
4.536300224344814e-10
4.535944952976934e-10
4.522906493775736e-10
4.492282101864475e-10
4.437019640590734e-10
4.350368953964789e-10
4.22739176997311e-10
4.069189429856124e-10
3.884039756485436e-10
3.686313476691794e-10
3.494537992310143e-10
3.328572972804977e-10
3.205009591056296e-10
3.13530534867823e-10
3.122231362340244e-10
3.162359263342296e-10
3.24678950391899e-10
3.364881706602318e-10
3.505462586872454e-10
3.658282565766058e-10
3.815365801074222e-10
3.97060162526941e-10
4.119442564842757e-10
4.258531305367796e-10
4.386251362120674e-10
4.501004013945931e-10
4.602576098022837e-10
4.690576815846725e-10
4.765094985259566e-10
4.826556931902815e-10
4.875833070627777e-10
4.913900397696125e-10
4.941842490779891e-10
4.961417943150082e-10
4.973585987499973e-10
4.980069689963784e-10
4.982414480991793e-10
4.982130263897488e-10
4.980567069878816e-10
4.979145984407296e-10
4.97827556955599e-10
4.978684131629052e-10
4.980780232699544e-10
4.984368473515133e-10
4.989058055571149e-10
4.994422653226138e-10
4.999698433039157e-10
5.004334724389992e-10
5.00765651167967e-10
5.008242709436672e-10
5.006093317660998e-10
5.001172809215859e-10
4.993019331323012e-10
4.9820947367607e-10
4.968576661212865e-10
4.953015775299718e-10
4.936620001672054e-10
4.920952534348544e-10
4.906191009013128e-10
4.893472294043022e-10
4.884146420636171e-10
4.879492365716942e-10
4.880487125547006e-10
4.888018878546063e-10
4.903064620975783e-10
4.925873042793683e-10
4.957332322419461e-10
4.998224056862455e-10
5.04835284687033e-10
5.107310130370024e-10
5.175007089519568e-10
5.251408197182172e-10
5.335341057843834e-10
5.426130655905581e-10
5.523315138589169e-10
5.625135912623591e-10
5.730953489546664e-10
5.838565186877531e-10
5.947402570427585e-10
6.056222190409244e-10
6.163531907077413e-10
6.267892871392178e-10
6.368274796386686e-10
6.463665158662479e-10
6.554081721787952e-10
6.638067873154796e-10
6.715374922805495e-10
6.786038397876837e-10
6.850378042599914e-10
6.908980054731728e-10
6.962181942071766e-10
7.010818592334545e-10
7.055778183939765e-10
7.097238352571367e-10
7.136424784448536e-10
7.173301952434485e-10
7.208509344991398e-10
7.242437760623943e-10
7.275229307879272e-10
7.306848459620596e-10
7.337650487215797e-10
7.367404464275751e-10
7.395470902338275e-10
7.422311654181613e-10
7.447980010510946e-10
7.47258255273664e-10
7.496119280858693e-10
7.518323741351196e-10
7.539124879940573e-10
7.558877967994704e-10
7.577387606261254e-10
7.593836670594101e-10
7.608420560245577e-10
7.621139275215683e-10
7.632419141145874e-10
7.641105526090541e-10
7.647944499922232e-10
7.652598554841461e-10
7.655653888605229e-10
7.656932865529598e-10
7.656772993414052e-10
7.655724942878805e-10
7.653859768197435e-10
7.651479450032639e-10
7.649045841162661e-10
7.64691421295538e-10
7.645120092547586e-10
7.643592425665702e-10
7.642597665835638e-10
7.642242394467758e-10
7.642331212309728e-10
7.643130572887458e-10
7.644231914127886e-10
7.646079325240862e-10
7.648175426311354e-10
7.650378108792211e-10
7.652527500567885e-10
7.654765710185529e-10
7.656844047687628e-10
7.659046730168484e-10
7.661924428248312e-10
7.664553436370625e-10
7.667217971629725e-10
7.670806212445314e-10
7.675300395248996e-10
7.680913682861501e-10
7.687805947398374e-10
7.696243642385525e-10
7.706919546990321e-10
7.720046824033489e-10
7.735643237083423e-10
7.754117348213185e-10
7.775859955927444e-10
7.800444734584744e-10
7.82847564551048e-10
7.86052112289326e-10
7.895657461176597e-10
7.934275458865159e-10
7.976570515211279e-10
8.022400521667805e-10
8.070895063383432e-10
8.122515993136403e-10
8.176552768190959e-10
8.232206027969369e-10
8.289600117450391e-10
8.348006730329871e-10
8.407052831671535e-10
8.466383150107504e-10
8.525002925807712e-10
8.582539123835886e-10
8.638423310003418e-10
8.69244232148958e-10
8.744116541947733e-10
8.792930827894452e-10
8.838920706466524e-10
8.88173090629607e-10
8.921556826635424e-10
8.957918851137947e-10
8.991332123287066e-10
9.021388081009718e-10
9.048370941400208e-10
9.072742557236779e-10
9.09453845565622e-10
9.114256016573563e-10
9.131824185715232e-10
9.147473889470348e-10
9.162004488416642e-10
9.174847548365506e-10
9.186980065578609e-10
9.198348749350771e-10
9.208971363250384e-10
9.219007779392996e-10
9.228369179936635e-10
9.236966747039332e-10
9.245422205594878e-10
9.253113830709481e-10
9.260290312340658e-10
9.266702960530893e-10
9.272387302416973e-10
9.27707688447299e-10
9.281251323045581e-10
9.284732982450805e-10
9.2874152812783e-10
9.28954690948558e-10
9.29114563064104e-10
9.292460134702196e-10
9.293223968143138e-10
9.293525948805836e-10
9.29336607669029e-10
9.292957514617228e-10
9.292584479680954e-10
9.291802882671618e-10
9.290825886409948e-10
9.290204161516158e-10
9.289884417285066e-10
9.289742308737914e-10
9.289689018032732e-10
9.289671254464338e-10
9.289848890148278e-10
9.289937707990248e-10
9.290133107242582e-10
9.290630487157614e-10
9.290861413546736e-10
9.291341029893374e-10
9.291962754787164e-10
9.292762115364894e-10
9.293685820921382e-10
9.294982561414145e-10
9.296776681821939e-10
9.298890546460825e-10
9.301075465373287e-10
9.303491310674872e-10
9.306955206511702e-10
9.311005300105535e-10
9.315961335687462e-10
9.321663441141936e-10
9.328626759952385e-10
9.336886819255596e-10
9.346408091914782e-10
9.357528085729427e-10
9.369980347173623e-10
9.384102384046855e-10
9.399823142075547e-10
9.417533419764368e-10
9.436611492219527e-10
9.457288285830145e-10
9.479705909143377e-10
9.50368672647528e-10
9.528680067205642e-10
9.554828039881613e-10
9.582095117366407e-10
9.610179318997325e-10
9.638672082701305e-10
9.667786571299075e-10
9.697433966948665e-10
9.7275432153765e-10
9.757137320320908e-10
9.786358390329042e-10
9.815206425400902e-10
9.843148518484668e-10
9.870468886674644e-10
9.896208297277553e-10
9.920526622408943e-10
9.943494916342388e-10
9.965148706214677e-10
9.985523519162598e-10
1.000422855668148e-09
1.002140592731848e-09
1.00373398481679e-09
1.005160399358829e-09
1.006457139851591e-09
1.007641969863471e-09
1.008714889394469e-09
1.009667016660387e-09
1.010494798947548e-09
1.011223105251702e-09
1.011898120850674e-09
1.012535832956019e-09
1.013113148928824e-09
1.013633621482768e-09
1.014083039763136e-09
1.01448627276568e-09
1.014882400340866e-09
1.015230566281389e-09
1.015525441516729e-09
1.01578834232896e-09
1.016021045074922e-09
1.016218220684095e-09
1.016388750940678e-09
1.016513095919436e-09
1.01658947926353e-09
1.016699613387573e-09
1.016779549445346e-09
1.016838169221046e-09
1.016823958366331e-09
1.016815076582134e-09
1.0167955366569e-09
1.016719153312806e-09
1.016690731603376e-09
1.016683626176018e-09
1.016667638964464e-09
1.01664987539607e-09
1.0166196773298e-09
1.016577044765654e-09
1.016569939338297e-09
1.016566386624618e-09
1.016546846699384e-09
1.016539741272027e-09
1.016548623056224e-09
1.016571715695136e-09
1.01658947926353e-09
1.016596584690888e-09
1.016632111827676e-09
1.016672968034982e-09
1.01670849517177e-09
1.016756456806434e-09
1.016854156432601e-09
1.016976725054519e-09
1.017104622746956e-09
1.01723962586675e-09
1.017394168911778e-09
1.017571804595718e-09
1.017800954628001e-09
1.018092277149663e-09
1.01842623223547e-09
1.018877426872677e-09
1.019380135858228e-09
1.01996633361523e-09
1.020634243786844e-09
1.021341233808926e-09
1.022106843606707e-09
1.022966600316977e-09
1.02393471479445e-09
1.024965001761302e-09
1.026069895715409e-09
1.027242291229413e-09
1.028473306519118e-09
1.029754059800325e-09
1.03110231464143e-09
1.032503860187717e-09
1.033892971236128e-09
1.035351360201275e-09
1.03684882901689e-09
1.038332086977789e-09
1.039822450366046e-09
1.041300379256427e-09
1.042717912014268e-09
1.044124786631073e-09
1.045499686824769e-09
1.04682840174064e-09
1.048105602308169e-09
1.049334841241034e-09
1.050509013111878e-09
1.051617459779663e-09
1.052695708381179e-09
1.053676257356528e-09
1.05461950283825e-09
1.055473930478001e-09
1.056255527487338e-09
1.05695896479574e-09
1.057602005971603e-09
1.058197085512802e-09
1.058722887137264e-09
1.059186516272348e-09
1.059600407415928e-09
1.060014298559508e-09
1.060369569927389e-09
1.060669774233247e-09
1.060943333186515e-09
1.061176035932476e-09
1.061367882471131e-09
1.061561505366626e-09
1.061733811980048e-09
1.061872367813521e-09
1.061975396510206e-09
1.062097965132125e-09
1.06217079576254e-09
1.062232968251919e-09
1.06225961360451e-09
1.062286258957101e-09
1.062275600816065e-09
1.062254284533992e-09
1.062286258957101e-09
1.062311127952853e-09
1.062282706243423e-09
1.062248955463474e-09
1.062238297322438e-09
1.062213428326686e-09
1.062190335687774e-09
1.062179677546737e-09
1.062193888401453e-09
1.062206322899328e-09
1.062224086467722e-09
1.062229415538241e-09
1.062206322899328e-09
1.062169019405701e-09
1.062186782974095e-09
1.062213428326686e-09
1.062227639181401e-09
1.062245402749795e-09
1.062245402749795e-09
1.062254284533992e-09
1.06225961360451e-09
1.062247179106635e-09
1.06226138996135e-09
1.062241850036116e-09
1.062240073679277e-09
1.062288035313941e-09
1.062318233380211e-09
1.062391064010626e-09
1.062501198134669e-09
1.062652188466018e-09
1.062817389652082e-09
1.062986143551825e-09
1.06317799009048e-09
1.063398258338566e-09
1.063659382793958e-09
1.063938270817744e-09
1.064277554974069e-09
1.064645260839825e-09
1.065050270199208e-09
1.065485477624861e-09
1.065943777689426e-09
1.066442933961298e-09
1.06696873558576e-09
1.067526511633332e-09
1.068118038460852e-09
1.06871667071573e-09
1.069301092115893e-09
1.069965449573829e-09
1.07061204346337e-09
1.071256860996073e-09
1.071898125815096e-09
1.072558930559353e-09
1.07321973530361e-09
1.073885869118385e-09
1.074557332003678e-09
1.075211031320578e-09
1.075859401566959e-09
1.0764473756808e-09
1.076976730018941e-09
1.077490097145528e-09
1.077992806131078e-09
1.078442224411447e-09
1.078886313621297e-09
1.079309086549074e-09
1.079701661410581e-09
1.08003028742587e-09
1.080332268088569e-09
1.080620037896551e-09
1.080868727854067e-09
1.081076561604277e-09
1.081311040707078e-09
1.081538414382521e-09
1.081684075643352e-09
1.081806644265271e-09
1.081950529169262e-09
1.082067768720663e-09
1.082151257492114e-09
1.082257838902478e-09
1.082348433101288e-09
1.082439027300097e-09
1.082508305216834e-09
1.082540279639943e-09
1.082623768411395e-09
1.082716138967044e-09
1.082746337033313e-09
1.082733902535438e-09
1.082709033539686e-09
1.08272679710808e-09
1.08278541688378e-09
1.082847589373159e-09
1.082863576584714e-09
1.08284403665948e-09
1.082826273091086e-09
1.082822720377408e-09
1.082826273091086e-09
1.082852918443677e-09
1.082820944020568e-09
1.082780087813262e-09
1.082781864170101e-09
1.08278541688378e-09
1.082758771531189e-09
1.082744560676474e-09
1.082732126178598e-09
1.082721468037562e-09
1.082705480826007e-09
1.082709033539686e-09
1.082705480826007e-09
1.082716138967044e-09
1.082733902535438e-09
1.082742784319635e-09
1.082751666103832e-09
1.082776535099583e-09
1.082831602161605e-09
1.082847589373159e-09
1.082870682012071e-09
1.082897327364662e-09
1.082911538219378e-09
1.082950618069844e-09
1.083007461488705e-09
1.083076739405442e-09
1.083177991745288e-09
1.083263256873579e-09
1.083355627429228e-09
1.083492406905862e-09
1.083623857311977e-09
1.083751755004414e-09
1.083948930613587e-09
1.084158540720637e-09
1.08438413803924e-09
1.084595524503129e-09
1.084803358253339e-09
1.085059153638213e-09
1.085338041661998e-09
1.085608047901587e-09
1.085876277784337e-09
1.086160494878641e-09
1.086480239109733e-09
1.086741363565125e-09
1.087027357016268e-09
1.087302692326375e-09
1.08761355477327e-09
1.087903100938092e-09
1.088171330820842e-09
1.088421797135197e-09
1.088672263449553e-09
1.088915624336551e-09
1.089160761580388e-09
1.089395240683189e-09
1.089615508931274e-09
1.089846435320396e-09
1.090057821784285e-09
1.090247891966101e-09
1.090437962147917e-09
1.090633361400251e-09
1.090796786229475e-09
1.090956658345021e-09
1.091081003323779e-09
1.091185808377304e-09
1.091281731646632e-09
1.091338575065492e-09
1.091400747554871e-09
1.091470025471608e-09
1.091507328965236e-09
1.091519763463111e-09
1.091597923164045e-09
1.091658319296585e-09
1.091715162715445e-09
1.091777335204824e-09
1.091809309627934e-09
1.091818191412131e-09
1.091796875130058e-09
1.091772006134306e-09
1.091779111561664e-09
1.091803980557415e-09
1.09179154605954e-09
1.0917897697027e-09
1.091800427843737e-09
1.091795098773218e-09
1.09179154605954e-09
1.091800427843737e-09
1.091798651486897e-09
1.091777335204824e-09
1.091779111561664e-09
1.091770229777467e-09
1.091731149927e-09
1.09170272821757e-09
1.091676082864979e-09
1.091640555728191e-09
1.091633450300833e-09
1.091676082864979e-09
1.091674306508139e-09
1.091667201080782e-09
1.091683188292336e-09
1.091656542939745e-09
1.091695622790212e-09
1.091711610001767e-09
1.09167075379446e-09
1.091644108441869e-09
1.091638779371351e-09
1.091663648367103e-09
1.091667201080782e-09
1.091649437512388e-09
1.091640555728191e-09
1.091668977437621e-09
1.091690293719694e-09
1.091716939072285e-09
1.091741808068036e-09
1.091731149927e-09
1.091770229777467e-09
1.091834178623685e-09
1.09185016583524e-09
1.091928325536173e-09
1.091930101893013e-09
1.091930101893013e-09
1.091988721668713e-09
1.092065105012807e-09
1.092137935643223e-09
1.092240964339908e-09
1.092331558538717e-09
1.092457679874315e-09
1.092567813998357e-09
1.09264775005613e-09
1.092734791541261e-09
1.092844925665304e-09
1.09294440164831e-09
1.093061641199711e-09
1.093214407887899e-09
1.093358292791891e-09
1.093473755986452e-09
1.093589219181013e-09
1.09368691880718e-09
1.093825474640653e-09
1.093969359544644e-09
1.094122126232833e-09
1.094250023925269e-09
1.094365487119831e-09
1.094477397600713e-09
1.094608848006828e-09
1.094720758487711e-09
1.094807799972841e-09
1.094925039524242e-09
1.095040502718803e-09
1.095125767847094e-09
1.095171953124918e-09
1.095200374834349e-09
1.095232349257458e-09
1.095251889182691e-09
1.095287416319479e-09
1.095303403531034e-09
1.095330048883625e-09
1.095310508958391e-09
1.09531583802891e-09
1.095346036095179e-09
1.095367352377252e-09
1.09540287951404e-09
1.095381563231967e-09
1.095383339588807e-09
1.095397550443522e-09
1.095401103157201e-09
1.095422419439274e-09
1.095411761298237e-09
1.095424195796113e-09
1.095422419439274e-09
1.09540465587088e-09
1.09540465587088e-09
1.095409984941398e-09
1.095438406650828e-09
1.095450841148704e-09
1.095445512078186e-09
1.095452617505543e-09
1.095466828360259e-09
1.095484591928653e-09
1.095498802783368e-09
1.095488144642331e-09
1.095470381073937e-09
1.095477486501295e-09
1.095472157430777e-09
1.09546149928974e-09
1.095411761298237e-09
1.095367352377252e-09
1.095381563231967e-09
1.095388668659325e-09
1.095392221373004e-09
1.09537445780461e-09
1.095393997729843e-09
1.095431301223471e-09
1.095445512078186e-09
1.095447288435025e-09
1.095445512078186e-09
1.095443735721346e-09
1.095457946576062e-09
1.09546149928974e-09
1.095488144642331e-09
1.095504131853886e-09
1.095516566351762e-09
1.095481039214974e-09
1.095482815571813e-09
1.095489920999171e-09
1.095500579140207e-09
1.095523671779119e-09
1.095569857056944e-09
1.095621371405286e-09
1.095664003969432e-09
1.095722623745132e-09
1.095763479952439e-09
1.095814994300781e-09
1.095816770657621e-09
1.095834534226015e-09
1.095882495860678e-09
1.095953550134254e-09
1.096033486192027e-09
1.096086776897209e-09
1.096116974963479e-09
1.096163160241304e-09
1.096218227303325e-09
1.096275070722186e-09
1.096344348638922e-09
1.096431390124053e-09
1.096509549824987e-09
1.096530866107059e-09
1.096582380455402e-09
1.096651658372139e-09
1.096685409152087e-09
1.096742252570948e-09
1.096804425060327e-09
1.096864821192867e-09
1.096895019259136e-09
1.096951862677997e-09
1.096999824312661e-09
1.097076207656755e-09
1.097108182079864e-09
1.097113511150383e-09
1.097108182079864e-09
1.097145485573492e-09
1.097177459996601e-09
1.097175683639762e-09
1.097237856129141e-09
1.097253843340695e-09
1.097248514270177e-09
1.09723963248598e-09
1.097228974344944e-09
1.097234303415462e-09
1.097248514270177e-09
1.097287594120644e-09
1.097303581332199e-09
1.097312463116396e-09
1.097316015830074e-09
1.097317792186914e-09
1.097314239473235e-09
1.09732845032795e-09
1.097365753821578e-09
1.097392399174169e-09
1.097378188319453e-09
1.097374635605775e-09
1.097383517389972e-09
1.09738884646049e-09
1.097395951887847e-09
1.09738884646049e-09
1.097376411962614e-09
1.097401280958366e-09
1.097427926310957e-09
1.097426149954117e-09
1.097395951887847e-09
1.097367530178417e-09
1.097342661182665e-09
1.097326673971111e-09
1.097324897614271e-09
1.097339108468987e-09
1.097344437539505e-09
1.097355095680541e-09
1.097395951887847e-09
1.097438584451993e-09
1.097433255381475e-09
1.097397728244687e-09
1.097399504601526e-09
1.097408386385723e-09
1.097406610028884e-09
1.097401280958366e-09
1.097383517389972e-09
1.097379964676293e-09
1.097383517389972e-09
1.097401280958366e-09
1.09741904452676e-09
1.097442137165672e-09
1.097438584451993e-09
1.097408386385723e-09
1.097376411962614e-09
1.097406610028884e-09
1.097431479024635e-09
1.097420820883599e-09
1.097413715456241e-09
1.097429702667796e-09
1.097436808095154e-09
1.097442137165672e-09
1.097449242593029e-09
1.097467006161423e-09
1.097474111588781e-09
1.097490098800336e-09
1.097513191439248e-09
1.097554047646554e-09
1.097591351140181e-09
1.097641089131685e-09
1.09765352362956e-09
1.097664181770597e-09
1.0976552999864e-09
1.0976552999864e-09
1.097667734484276e-09
1.097699708907385e-09
1.097705037977903e-09
1.097728130616815e-09
1.097745894185209e-09
1.097768986824121e-09
1.097804513960909e-09
1.097815172101946e-09
1.097818724815625e-09
1.097800961247231e-09
1.097797408533552e-09
1.097811619388267e-09
1.097829382956661e-09
1.097834712027179e-09
1.097834712027179e-09
1.097845370168216e-09
1.09791997715547e-09
1.097960833362777e-09
1.097973267860652e-09
1.097985702358528e-09
1.097975044217492e-09
1.097994584142725e-09
1.097992807785886e-09
1.098003465926922e-09
1.097982149644849e-09
1.097944846151222e-09
1.097918200798631e-09
1.097923529869149e-09
1.097953727935419e-09
1.09798037328801e-09
1.097996360499565e-09
1.098014124067959e-09
1.098007018640601e-09
1.098005242283762e-09
1.09803899306371e-09
1.098049651204747e-09
1.09804076942055e-09
1.098012347711119e-09
1.09798037328801e-09
1.097939517080704e-09
1.09791997715547e-09
1.09791997715547e-09
1.097948398864901e-09
1.097930635296507e-09
1.097916424441792e-09
1.097946622508061e-09
1.097964386076455e-09
1.097962609719616e-09
1.097941293437543e-09
1.09795195157858e-09
1.097998136856404e-09
1.098003465926922e-09
1.097996360499565e-09
1.097989255072207e-09
1.097966162433295e-09
1.097944846151222e-09
1.097937740723864e-09
1.097937740723864e-09
1.097999913213243e-09
1.098044322134228e-09
1.098081625627856e-09
1.098044322134228e-09
1.098030111279513e-09
1.098035440350031e-09
1.098035440350031e-09
1.098026558565834e-09
1.097996360499565e-09
1.09798037328801e-09
1.097960833362777e-09
1.097960833362777e-09
1.097989255072207e-09
1.09798037328801e-09
1.097946622508061e-09
1.097930635296507e-09
1.097937740723864e-09
1.097948398864901e-09
1.097966162433295e-09
1.097962609719616e-09
1.097966162433295e-09
1.097964386076455e-09
1.09795017522174e-09
1.097943069794383e-09
1.09798037328801e-09
1.097976820574331e-09
1.097932411653346e-09
1.097902213587076e-09
1.097914648084952e-09
1.097903989943916e-09
1.097879120948164e-09
1.097880897305004e-09
1.097893331802879e-09
1.097928858939667e-09
1.097966162433295e-09
1.09795195157858e-09
1.09795017522174e-09
1.097967938790134e-09
1.097948398864901e-09
1.097939517080704e-09
1.097914648084952e-09
1.097902213587076e-09
1.09791997715547e-09
1.09795195157858e-09
1.097978596931171e-09
1.098007018640601e-09
1.098007018640601e-09
1.097989255072207e-09
1.097975044217492e-09
1.097976820574331e-09
1.098001689570083e-09
1.098001689570083e-09
1.098014124067959e-09
1.098031887636353e-09
1.098051427561586e-09
1.098042545777389e-09
1.098058532988944e-09
1.098094060125732e-09
1.098092283768892e-09
1.098053203918425e-09
1.097998136856404e-09
1.097985702358528e-09
1.097978596931171e-09
1.097996360499565e-09
1.097975044217492e-09
1.097969715146974e-09
1.097960833362777e-09
1.097943069794383e-09
1.097957280649098e-09
1.097946622508061e-09
1.097932411653346e-09
1.097930635296507e-09
1.097928858939667e-09
1.09791997715547e-09
1.097880897305004e-09
1.097857804666091e-09
1.097843593811376e-09
1.097836488384019e-09
1.097850699238734e-09
1.09786313373661e-09
1.097866686450288e-09
1.097875568234485e-09
1.097900437230237e-09
1.097923529869149e-09
1.097930635296507e-09
1.097896884516558e-09
1.097866686450288e-09
1.097877344591325e-09
1.09786135737977e-09
1.097872015520807e-09
1.097888002732361e-09
1.097882673661843e-09
1.097864910093449e-09
1.097848922881894e-09
1.097852475595573e-09
1.097866686450288e-09
1.097902213587076e-09
1.097907542657595e-09
1.097914648084952e-09
1.097928858939667e-09
1.097953727935419e-09
1.097973267860652e-09
1.097992807785886e-09
1.098019453138477e-09
1.098044322134228e-09
1.098049651204747e-09
1.098072743843659e-09
1.098076296557338e-09
1.098138469046717e-09
1.098134916333038e-09
1.098120705478323e-09
1.098140245403556e-09
1.098163338042468e-09
1.098177548897183e-09
1.098170443469826e-09
1.098189983395059e-09
1.098195312465577e-09
1.098177548897183e-09
1.098134916333038e-09
1.09812781090568e-09
1.098140245403556e-09
1.098142021760395e-09
1.098156232615111e-09
1.098163338042468e-09
1.098165114399308e-09
1.098152679901432e-09
1.09812958726252e-09
1.098122481835162e-09
1.098115376407804e-09
1.098108270980447e-09
1.098124258192001e-09
1.098124258192001e-09
1.098124258192001e-09
1.098147350830914e-09
1.098172219826665e-09
1.098184654324541e-09
1.098204194249774e-09
1.098220181461329e-09
1.098245050457081e-09
1.098252155884438e-09
1.09821662874765e-09
1.098209523320293e-09
1.098236168672884e-09
1.098269919452832e-09
1.098303670232781e-09
1.098344526440087e-09
1.098344526440087e-09
1.09836406636532e-09
1.098362290008481e-09
1.098333868299051e-09
1.098328539228532e-09
1.098369395435839e-09
1.098403146215787e-09
1.098420909784181e-09
1.098436896995736e-09
1.098431567925218e-09
1.098426238854699e-09
1.098415580713663e-09
1.098399593502108e-09
1.098372948149517e-09
1.098410251643145e-09
1.09842446249786e-09
1.098435120638896e-09
1.098442226066254e-09
1.098447555136772e-09
1.098433344282057e-09
1.098403146215787e-09
1.098408475286305e-09
1.098403146215787e-09
1.098388935361072e-09
1.098401369858948e-09
1.098376500863196e-09
1.098376500863196e-09
1.098369395435839e-09
1.098360513651642e-09
1.098371171792678e-09
1.098383606290554e-09
1.098387159004233e-09
1.098420909784181e-09
1.098438673352575e-09
1.098444002423093e-09
1.098433344282057e-09
1.09842446249786e-09
1.098408475286305e-09
1.098397817145269e-09
1.098413804356824e-09
1.098431567925218e-09
1.098447555136772e-09
1.098428015211539e-09
1.098412027999984e-09
1.098456436920969e-09
1.098465318705166e-09
1.098456436920969e-09
1.098491964057757e-09
1.098490187700918e-09
1.098451107850451e-09
1.098463542348327e-09
1.098490187700918e-09
1.0984848586304e-09
1.098504398555633e-09
1.098518609410348e-09
1.098479529559881e-09
1.098479529559881e-09
1.098442226066254e-09
1.098410251643145e-09
1.098372948149517e-09
1.098376500863196e-09
1.098392488074751e-09
1.098474200489363e-09
1.098532820265063e-09
1.098564794688173e-09
1.098577229186048e-09
1.09860387453864e-09
1.098628743534391e-09
1.098651836173303e-09
1.098646507102785e-09
1.098641178032267e-09
1.098625190820712e-09
1.098587887327085e-09
1.098570123758691e-09
1.0986020981818e-09
1.098598545468121e-09
1.098589663683924e-09
1.098584334613406e-09
1.098564794688173e-09
1.098538149335582e-09
1.098518609410348e-09
1.098520385767188e-09
1.098531043908224e-09
1.098518609410348e-09
1.098527491194545e-09
1.098575452829209e-09
1.0986020981818e-09
1.098609203609158e-09
1.098621638107034e-09
1.098616309036515e-09
1.098639401675428e-09
1.098666047028019e-09
1.09869269238061e-09
1.098682034239573e-09
1.098651836173303e-09
1.098642954389106e-09
1.098648283459625e-09
1.098648283459625e-09
1.098619861750194e-09
1.098639401675428e-09
1.098655388886982e-09
1.098674928812216e-09
1.09869091602377e-09
1.098712232305843e-09
1.098753088513149e-09
1.098763746654186e-09
1.098765523011025e-09
1.098772628438383e-09
1.098802826504652e-09
1.098797497434134e-09
1.098808155575171e-09
1.098808155575171e-09
1.098836577284601e-09
1.098849011782477e-09
1.098847235425637e-09
1.098827695500404e-09
1.098827695500404e-09
1.098861446280353e-09
1.098872104421389e-09
1.098886315276104e-09
1.09889874977398e-09
1.098895197060301e-09
1.098893420703462e-09
1.098873880778228e-09
1.098859669923513e-09
1.098873880778228e-09
1.098857893566674e-09
1.098825919143565e-09
1.098850788139316e-09
1.098861446280353e-09
1.098866775350871e-09
1.098864998994031e-09
1.098896973417141e-09
1.098921842412892e-09
1.098902302487659e-09
1.098916513342374e-09
1.098955593192841e-09
1.098978685831753e-09
1.099000002113826e-09
1.098985791259111e-09
1.098991120329629e-09
1.099008883898023e-09
1.098973356761235e-09
1.098952040479162e-09
1.098948487765483e-09
1.098962698620198e-09
1.098953816836001e-09
1.098946711408644e-09
1.098962698620198e-09
1.098953816836001e-09
1.098978685831753e-09
1.098998225756986e-09
1.09901598932538e-09
1.099012436611702e-09
1.099026647466417e-09
1.099074609101081e-09
1.099099478096832e-09
1.099097701739993e-09
1.099111912594708e-09
1.099175861440926e-09
1.099174085084087e-09
1.099142110660978e-09
1.099156321515693e-09
1.099147439731496e-09
1.09913500523362e-09
1.099111912594708e-09
1.099079938171599e-09
1.099097701739993e-09
1.099092372669475e-09
1.099094149026314e-09
1.099074609101081e-09
1.099044411034811e-09
1.099035529250614e-09
1.099028423823256e-09
1.099031976536935e-09
1.099033752893774e-09
1.099033752893774e-09
1.099024871109577e-09
1.09901598932538e-09
1.098996449400147e-09
1.098976909474914e-09
1.098978685831753e-09
1.099005331184344e-09
1.09901598932538e-09
1.099031976536935e-09
1.099035529250614e-09
1.09904796374849e-09
1.099083490885278e-09
1.099085267242117e-09
1.099079938171599e-09
1.099067503673723e-09
1.099024871109577e-09
1.099040858321132e-09
1.09904796374849e-09
1.099044411034811e-09
1.099030200180096e-09
1.099024871109577e-09
1.099060398246365e-09
1.099085267242117e-09
1.099079938171599e-09
1.099081714528438e-09
1.099090596312635e-09
1.099108359881029e-09
1.099092372669475e-09
1.099097701739993e-09
1.09904796374849e-09
1.099030200180096e-09
1.099035529250614e-09
1.099033752893774e-09
1.099040858321132e-09
1.098992896686468e-09
1.09901776568222e-09
1.099058621889526e-09
1.099127899806263e-09
1.099143887017817e-09
1.099168756013569e-09
1.099191848652481e-09
1.099188295938802e-09
1.09919540136616e-09
1.099214941291393e-09
1.099188295938802e-09
1.099163426943051e-09
1.099138557947299e-09
1.099150992445175e-09
1.099186519581963e-09
1.099190072295642e-09
1.099163426943051e-09
1.099181190511445e-09
1.099156321515693e-09
1.099163426943051e-09
1.099150992445175e-09
1.099145663374657e-09
1.099147439731496e-09
1.099154545158854e-09
1.099206059507196e-09
1.099230928502948e-09
1.099232704859787e-09
1.099198954079839e-09
1.099197177722999e-09
1.099191848652481e-09
1.099168756013569e-09
1.099174085084087e-09
1.09919540136616e-09
1.099177637797766e-09
1.099161650586211e-09
1.099166979656729e-09
1.099198954079839e-09
1.099213164934554e-09
1.099227375789269e-09
1.099213164934554e-09
1.099198954079839e-09
1.099188295938802e-09
1.099168756013569e-09
1.099158097872532e-09
1.099149216088335e-09
1.099147439731496e-09
1.099177637797766e-09
1.099186519581963e-09
1.099197177722999e-09
1.099188295938802e-09
1.099177637797766e-09
1.099170532370408e-09
1.099174085084087e-09
1.099175861440926e-09
1.099179414154605e-09
1.099197177722999e-09
1.099200730436678e-09
1.099207835864036e-09
1.099220270361911e-09
1.099239810287145e-09
1.099246915714502e-09
1.099232704859787e-09
1.099222046718751e-09
1.099191848652481e-09
1.099182966868284e-09
1.09919362500932e-09
1.099214941291393e-09
1.099246915714502e-09
1.099280666494451e-09
1.099273561067093e-09
1.099275337423933e-09
1.099301982776524e-09
1.099298430062845e-09
1.099278890137612e-09
1.099238033930305e-09
1.09922559943243e-09
1.099280666494451e-09
1.099323299058597e-09
1.099348168054348e-09
1.09937126069326e-09
1.099374813406939e-09
1.09940145875953e-09
1.099433433182639e-09
1.099470736676267e-09
1.099468960319427e-09
1.099454749464712e-09
1.099474289389946e-09
1.099479618460464e-09
1.0994902766015e-09
1.09949205295834e-09
1.099511592883573e-09
1.099543567306682e-09
1.099561330875076e-09
1.099563107231916e-09
1.099554225447719e-09
1.099568436302434e-09
1.099570212659273e-09
1.099625279721295e-09
1.099627056078134e-09
1.099648372360207e-09
1.099662583214922e-09
1.099671464999119e-09
1.099687452210674e-09
1.099703439422228e-09
1.099708768492746e-09
1.099710544849586e-09
1.09969811035171e-09
1.099691004924352e-09
1.099685675853834e-09
1.099685675853834e-09
1.099676794069637e-09
1.099664359571761e-09
1.099650148717046e-09
1.099648372360207e-09
1.099687452210674e-09
1.09969811035171e-09
1.099712321206425e-09
1.099714097563265e-09
1.099719426633783e-09
1.099731861131659e-09
1.099737190202177e-09
1.099737190202177e-09
1.099719426633783e-09
1.099687452210674e-09
1.099680346783316e-09
1.099699886708549e-09
1.099692781281192e-09
1.099678570426477e-09
1.099692781281192e-09
1.099689228567513e-09
1.099659030501243e-09
1.099660806858083e-09
1.099662583214922e-09
1.099660806858083e-09
1.099651925073886e-09
1.099703439422228e-09
1.099708768492746e-09
1.099673241355958e-09
1.099682123140155e-09
1.099701663065389e-09
1.099733637488498e-09
1.099751401056892e-09
1.099746071986374e-09
1.099747848343213e-09
1.099778046409483e-09
1.099783375480001e-09
1.099763835554768e-09
1.099738966559016e-09
1.099737190202177e-09
1.099735413845337e-09
1.09972830841798e-09
1.099770940982125e-09
1.099781599123162e-09
1.09975673012741e-09
1.099763835554768e-09
1.099769164625286e-09
1.099820678973629e-09
1.099852653396738e-09
1.099831337114665e-09
1.099799362691556e-09
1.099778046409483e-09
1.099802915405235e-09
1.099808244475753e-09
1.099795809977877e-09
1.099797586334716e-09
1.099822455330468e-09
1.099818902616789e-09
1.099813573546271e-09
1.099811797189432e-09
1.099783375480001e-09
1.09978692819368e-09
1.099794033621038e-09
1.099795809977877e-09
1.099810020832592e-09
1.099769164625286e-09
1.099760282841089e-09
1.099765611911607e-09
1.099776270052644e-09
1.099770940982125e-09
1.099767388268447e-09
1.099772717338965e-09
1.099778046409483e-09
1.099792257264198e-09
1.099802915405235e-09
1.099801139048395e-09
1.099833113471504e-09
1.099831337114665e-09
1.099813573546271e-09
1.099843771612541e-09
1.099877522392489e-09
1.099873969678811e-09
1.099841995255701e-09
1.099806468118913e-09
1.099785151836841e-09
1.099813573546271e-09
1.099824231687307e-09
1.099804691762074e-09
1.099774493695804e-09
1.099762059197928e-09
1.099801139048395e-09
1.099824231687307e-09
1.099850877039898e-09
1.099854429753577e-09
1.099852653396738e-09
1.099849100683059e-09
1.09987574603565e-09
1.099893509604044e-09
1.099909496815599e-09
1.099895285960883e-09
1.099881075106168e-09
1.099884627819847e-09
1.099886404176686e-09
1.099889956890365e-09
1.099850877039898e-09
1.09981712625995e-09
1.099833113471504e-09
1.099850877039898e-09
1.099820678973629e-09
1.09984554796938e-09
1.099852653396738e-09
1.099850877039898e-09
1.099865087894614e-09
1.099861535180935e-09
1.099898838674562e-09
1.099948576666065e-09
1.099943247595547e-09
1.099921931313474e-09
1.099932589454511e-09
1.099932589454511e-09
1.099971669304978e-09
1.099984103802853e-09
1.099985880159693e-09
1.099987656516532e-09
1.100001867371247e-09
1.100001867371247e-09
1.100017854582802e-09
1.100033841794357e-09
1.100046276292233e-09
1.100072921644824e-09
1.100074698001663e-09
1.100037394508036e-09
1.100037394508036e-09
1.100042723578554e-09
1.100035618151196e-09
1.100026736366999e-09
1.10005338171959e-09
1.100088908856378e-09
1.100072921644824e-09
1.100076474358502e-09
1.100094237926896e-09
1.100115554208969e-09
1.100122659636327e-09
1.100152857702597e-09
1.100175950341509e-09
1.100140423204721e-09
1.10011377785213e-09
1.100126212350006e-09
1.100147528632078e-09
1.100133317777363e-09
1.100136870491042e-09
1.100108448781612e-09
1.100096014283736e-09
1.100104896067933e-09
1.10008357978586e-09
1.100078250715342e-09
1.100078250715342e-09
1.100094237926896e-09
1.100119106922648e-09
1.100167068557312e-09
1.10017239762783e-09
1.100183055768866e-09
1.100170621270991e-09
1.100167068557312e-09
1.100177726698348e-09
1.100209701121457e-09
1.100220359262494e-09
1.100211477478297e-09
1.100195490266742e-09
1.100181279412027e-09
1.100159963129954e-09
1.100163515843633e-09
1.100165292200472e-09
1.100159963129954e-09
1.100136870491042e-09
1.100115554208969e-09
1.100115554208969e-09
1.100097790640575e-09
1.100110225138451e-09
1.100124435993166e-09
1.10014219956156e-09
1.100154634059436e-09
1.100175950341509e-09
1.100175950341509e-09
1.100175950341509e-09
1.10020081933726e-09
1.100239899187727e-09
1.100238122830888e-09
1.100236346474048e-09
1.100222135619333e-09
1.100211477478297e-09
1.100222135619333e-09
1.100250557328764e-09
1.100309177104464e-09
1.100293189892909e-09
1.100280755395033e-09
1.100278979038194e-09
1.100280755395033e-09
1.100300295320267e-09
1.100328717029697e-09
1.100318058888661e-09
1.100346480598091e-09
1.10035003331177e-09
1.100366020523325e-09
1.100374902307522e-09
1.100403324016952e-09
1.100403324016952e-09
1.100415758514828e-09
1.100417534871667e-09
1.100426416655864e-09
1.100449509294776e-09
1.100449509294776e-09
1.100437074796901e-09
1.100421087585346e-09
1.100419311228507e-09
1.100412205801149e-09
1.100397994946434e-09
1.100376678664361e-09
1.100353586025449e-09
1.100326940672858e-09
1.100303848033946e-09
1.100314506174982e-09
1.100323387959179e-09
1.100362467809646e-09
1.100390889519076e-09
1.100405100373791e-09
1.100431745726382e-09
1.100458391078973e-09
1.100454838365295e-09
1.100472601933689e-09
1.10046904922001e-09
1.100442403867419e-09
1.100428193012704e-09
1.100406876730631e-09
1.100399771303273e-09
1.100419311228507e-09
1.100412205801149e-09
1.100419311228507e-09
1.100428193012704e-09
1.100428193012704e-09
1.10043885115374e-09
1.100453062008455e-09
1.10049747092944e-09
1.100501023643119e-09
1.10049924728628e-09
1.100501023643119e-09
1.100493918215761e-09
1.100486812788404e-09
1.100483260074725e-09
1.100470825576849e-09
1.100458391078973e-09
1.100492141858922e-09
1.100509905427316e-09
1.100545432564104e-09
1.100568525203016e-09
1.100580959700892e-09
1.100611157767162e-09
1.100614710480841e-09
1.100598723269286e-09
1.10058806512825e-09
1.100570301559856e-09
1.100572077916695e-09
1.100575630630374e-09
1.100547208920943e-09
1.100524116282031e-09
1.10049747092944e-09
1.100506352713637e-09
1.100490365502083e-09
1.100525892638871e-09
1.10052766899571e-09
1.100513458140995e-09
1.10046727286317e-09
1.10046904922001e-09
1.100504576356798e-09
1.100508129070477e-09
1.100493918215761e-09
1.10049924728628e-09
1.100506352713637e-09
1.100477931004207e-09
1.100472601933689e-09
1.100485036431564e-09
1.100495694572601e-09
1.100509905427316e-09
1.100554314348301e-09
1.100572077916695e-09
1.100559643418819e-09
1.100561419775659e-09
1.100564972489337e-09
1.10058806512825e-09
1.100605828696644e-09
1.10061648683768e-09
1.100621815908198e-09
1.100618263194519e-09
1.100627144978716e-09
1.100625368621877e-09
1.100620039551359e-09
1.100678659327059e-09
1.100708857393329e-09
1.100696422895453e-09
1.100719515534365e-09
1.100755042671153e-09
1.10073372638908e-09
1.10073550274592e-09
1.10076392445535e-09
1.100779911666905e-09
1.100787017094262e-09
1.100792346164781e-09
1.100792346164781e-09
1.100787017094262e-09
1.100806557019496e-09
1.100842084156284e-09
1.100874058579393e-09
1.100898927575145e-09
1.100875834936232e-09
1.100858071367838e-09
1.100865176795196e-09
1.100897151218305e-09
1.100891822147787e-09
1.100890045790948e-09
1.100861624081517e-09
1.100838531442605e-09
1.100858071367838e-09
1.100863400438357e-09
1.100879387649911e-09
1.100902480288823e-09
1.100923796570896e-09
1.100918467500378e-09
1.100914914786699e-09
1.100950441923487e-09
1.100984192703436e-09
1.100982416346596e-09
1.100982416346596e-09
1.100989521773954e-09
1.101003732628669e-09
1.101003732628669e-09
1.100961100064524e-09
1.100945112852969e-09
1.100961100064524e-09
1.100968205491881e-09
1.100991298130793e-09
1.101035707051778e-09
1.101051694263333e-09
1.101074786902245e-09
1.101067681474888e-09
1.101073010545406e-09
1.101081892329603e-09
1.10108899775696e-09
1.101081892329603e-09
1.101080115972763e-09
1.10106057604753e-09
1.101058799690691e-09
1.101049917906494e-09
1.10106057604753e-09
1.101096103184318e-09
1.101094326827479e-09
1.101094326827479e-09
1.101064128761209e-09
1.101092550470639e-09
1.101103208611676e-09
1.101138735748464e-09
1.101140512105303e-09
1.101129853964267e-09
1.101106761325354e-09
1.10112097218007e-09
1.101138735748464e-09
1.101108537682194e-09
1.101092550470639e-09
1.101083668686442e-09
1.101073010545406e-09
1.101057023333851e-09
1.101058799690691e-09
1.101076563259085e-09
1.101078339615924e-09
1.101074786902245e-09
1.101083668686442e-09
1.101064128761209e-09
1.1010321543381e-09
1.101021496197063e-09
1.101007285342348e-09
1.101017943483384e-09
1.101025048910742e-09
1.101028601624421e-09
1.10103037798126e-09
1.1010321543381e-09
1.1010321543381e-09
1.101019719840224e-09
1.101026825267581e-09
1.101025048910742e-09
1.101012614412866e-09
1.101037483408618e-09
1.101012614412866e-09
1.101005508985509e-09
1.100996627201312e-09
1.100985969060275e-09
1.100982416346596e-09
1.100993074487633e-09
1.101003732628669e-09
1.101014390769706e-09
1.101009061699187e-09
1.100991298130793e-09
1.100987745417115e-09
1.101010838056027e-09
1.101021496197063e-09
1.101016167126545e-09
1.100998403558151e-09
1.100975310919239e-09
1.100959323707684e-09
1.100934454711933e-09
1.100936231068772e-09
1.100946889209808e-09
1.100948665566648e-09
1.100982416346596e-09
1.100977087276078e-09
1.100985969060275e-09
1.100998403558151e-09
1.100996627201312e-09
1.101009061699187e-09
1.10100195627183e-09
1.100994850844472e-09
1.101017943483384e-09
1.101037483408618e-09
1.101048141549654e-09
1.10106057604753e-09
1.101067681474888e-09
1.10106057604753e-09
1.101053470620172e-09
1.10103037798126e-09
1.101026825267581e-09
1.101033930694939e-09
1.101042812479136e-09
1.101042812479136e-09
1.101033930694939e-09
1.101025048910742e-09
1.101033930694939e-09
1.101067681474888e-09
1.101064128761209e-09
1.101071234188566e-09
1.101074786902245e-09
1.101085445043282e-09
1.101106761325354e-09
1.101117419466391e-09
1.101129853964267e-09
1.101156499316858e-09
1.101124524893748e-09
1.101133406677945e-09
1.101115643109551e-09
1.101101432254836e-09
1.101101432254836e-09
1.10112097218007e-09
1.101115643109551e-09
1.101129853964267e-09
1.10111919582323e-09
1.10111919582323e-09
1.101099655897997e-09
1.101099655897997e-09
1.101099655897997e-09
1.101071234188566e-09
1.101101432254836e-09
1.10112097218007e-09
1.101101432254836e-09
1.101101432254836e-09
1.10112097218007e-09
1.101138735748464e-09
1.101131630321106e-09
1.101122748536909e-09
1.101108537682194e-09
1.101124524893748e-09
1.101124524893748e-09
1.101126301250588e-09
1.101131630321106e-09
1.1011493938895e-09
1.101163604744215e-09
1.10117959195577e-09
1.101192026453646e-09
1.101204460951521e-09
1.101263080727222e-09
1.101318147789243e-09
1.101325253216601e-09
1.101319924146082e-09
1.101346569498673e-09
1.101351898569192e-09
1.101346569498673e-09
1.101339464071316e-09
1.101359003996549e-09
1.101351898569192e-09
1.101364333067067e-09
1.10135545128287e-09
1.101348345855513e-09
1.10132702957344e-09
1.101325253216601e-09
1.101328805930279e-09
1.101311042361885e-09
1.101303936934528e-09
1.101284397009294e-09
1.101284397009294e-09
1.10129860786401e-09
1.101280844295616e-09
1.101295055150331e-09
1.101291502436652e-09
1.101286173366134e-09
1.101295055150331e-09
1.101319924146082e-09
1.101337687714476e-09
1.101325253216601e-09
1.101334135000798e-09
1.101300384220849e-09
1.101291502436652e-09
1.101275515225097e-09
1.10126840979774e-09
1.101275515225097e-09
1.101282620652455e-09
1.101284397009294e-09
1.101263080727222e-09
1.101259528013543e-09
1.101264857084061e-09
1.101286173366134e-09
1.101270186154579e-09
1.101270186154579e-09
1.101284397009294e-09
1.101275515225097e-09
1.101277291581937e-09
1.101282620652455e-09
1.101284397009294e-09
1.101325253216601e-09
1.101295055150331e-09
1.10129683150717e-09
1.101318147789243e-09
1.101353674926031e-09
1.101359003996549e-09
1.101346569498673e-09
1.101348345855513e-09
1.101366109423907e-09
1.10138742570598e-09
1.101373214851264e-09
1.10135545128287e-09
1.101346569498673e-09
1.10132702957344e-09
1.10132702957344e-09
1.101325253216601e-09
1.101321700502922e-09
1.101339464071316e-09
1.10135722763971e-09
1.101382096635461e-09
1.101396307490177e-09
1.10138742570598e-09
1.101389202062819e-09
1.101396307490177e-09
1.101367885780746e-09
1.101344793141834e-09
1.10135722763971e-09
1.101348345855513e-09
1.101311042361885e-09
1.101277291581937e-09
1.101239988088309e-09
1.101229329947273e-09
1.101248869872506e-09
1.101277291581937e-09
1.10129683150717e-09
1.101312818718725e-09
1.101319924146082e-09
1.10129683150717e-09
1.101300384220849e-09
1.101302160577688e-09
1.10132702957344e-09
1.101309266005046e-09
1.101321700502922e-09
1.101293278793491e-09
1.101330582287119e-09
1.10135722763971e-09
1.101362556710228e-09
1.10138564934914e-09
1.101422952842768e-09
1.101438940054322e-09
1.101451374552198e-09
1.101449598195359e-09
1.101456703622716e-09
1.101485125332147e-09
1.101478019904789e-09
1.101470914477432e-09
1.101485125332147e-09
1.101527757896292e-09
1.101492230759504e-09
1.10147446719111e-09
1.101485125332147e-09
1.10150466525738e-09
1.10150466525738e-09
1.101485125332147e-09
1.101486901688986e-09
1.101495783473183e-09
1.10147624354795e-09
1.101481572618468e-09
1.101463809050074e-09
1.101470914477432e-09
1.101463809050074e-09
1.101483348975307e-09
1.101501112543701e-09
1.101490454402665e-09
1.101479796261629e-09
1.101470914477432e-09
1.101495783473183e-09
1.10150644161422e-09
1.101554403248883e-09
1.101575719530956e-09
1.101589930385671e-09
1.101616575738262e-09
1.101611246667744e-09
1.101618352095102e-09
1.10159348309935e-09
1.10162368116562e-09
1.101629010236138e-09
1.101629010236138e-09
1.101620128451941e-09
1.101618352095102e-09
1.101614799381423e-09
1.101618352095102e-09
1.101618352095102e-09
1.101598812169868e-09
1.101579272244635e-09
1.101561508676241e-09
1.101559732319402e-09
1.101549074178365e-09
1.101531310609971e-09
1.101527757896292e-09
1.101579272244635e-09
1.101611246667744e-09
1.101636115663496e-09
1.101621904808781e-09
1.101621904808781e-09
1.10162368116562e-09
1.101634339306656e-09
1.101648550161372e-09
1.101604141240387e-09
1.101584601315153e-09
1.101572166817277e-09
1.101566837746759e-09
1.101579272244635e-09
1.101581048601474e-09
1.101582824958314e-09
1.101589930385671e-09
1.101588154028832e-09
1.101621904808781e-09
1.101602364883547e-09
1.10156328503308e-09
1.101568614103599e-09
1.101568614103599e-09
1.101554403248883e-09
1.101536639680489e-09
1.101502888900541e-09
1.101501112543701e-09
1.101490454402665e-09
1.10150466525738e-09
1.101499336186862e-09
1.101494007116344e-09
1.101501112543701e-09
1.101501112543701e-09
1.101508217971059e-09
1.10147624354795e-09
1.101467361763753e-09
1.101472690834271e-09
1.101483348975307e-09
1.101492230759504e-09
1.101508217971059e-09
1.101511770684738e-09
1.101502888900541e-09
1.101513547041577e-09
1.101525981539453e-09
1.101554403248883e-09
1.10156328503308e-09
1.101541968751008e-09
1.101525981539453e-09
1.101497559830023e-09
1.10147624354795e-09
1.101467361763753e-09
1.101478019904789e-09
1.101483348975307e-09
1.101495783473183e-09
1.101494007116344e-09
1.10147446719111e-09
1.10150466525738e-09
1.101536639680489e-09
1.101561508676241e-09
1.101573943174117e-09
1.101581048601474e-09
1.101575719530956e-09
1.101591706742511e-09
1.101589930385671e-09
1.101600588526708e-09
1.10159348309935e-09
1.101568614103599e-09
1.101549074178365e-09
1.101561508676241e-09
1.101579272244635e-09
1.101591706742511e-09
1.101579272244635e-09
1.101581048601474e-09
1.101570390460438e-09
1.101573943174117e-09
1.101572166817277e-09
1.101586377671993e-09
1.101584601315153e-09
1.101573943174117e-09
1.101582824958314e-09
1.10159348309935e-09
1.101572166817277e-09
1.101549074178365e-09
1.101549074178365e-09
1.101572166817277e-09
1.101609470310905e-09
1.101614799381423e-09
1.101625457522459e-09
1.101636115663496e-09
1.101664537372926e-09
1.10168230094132e-09
1.101666313729766e-09
1.101641444734014e-09
1.101648550161372e-09
1.101646773804532e-09
1.101669866443444e-09
1.101676971870802e-09
1.101687630011838e-09
1.101707169937072e-09
1.101708946293911e-09
1.10168230094132e-09
1.101650326518211e-09
1.101621904808781e-09
1.101609470310905e-09
1.101634339306656e-09
1.101668090086605e-09
1.101676971870802e-09
1.10165387923189e-09
1.101648550161372e-09
1.101660984659247e-09
1.101668090086605e-09
1.101655655588729e-09
1.101634339306656e-09
1.101630786592978e-09
1.10168230094132e-09
1.101717828078108e-09
1.101746249787539e-09
1.101746249787539e-09
1.101748026144378e-09
1.101787105994845e-09
1.101817304061115e-09
1.101813751347436e-09
1.101808422276918e-09
1.101842173056866e-09
1.101854607554742e-09
1.1018617129821e-09
1.101868818409457e-09
1.101847502127384e-09
1.1018617129821e-09
1.101868818409457e-09
1.101868818409457e-09
1.10185993662526e-09
1.101836843986348e-09
1.101819080417954e-09
1.101785329638005e-09
1.10177111878329e-09
1.101767566069611e-09
1.101769342426451e-09
1.101764013355933e-09
1.10177289514013e-09
1.101760460642254e-09
1.10177111878329e-09
1.101780000567487e-09
1.101783553281166e-09
1.101762236999093e-09
1.101762236999093e-09
1.101758684285414e-09
1.101755131571736e-09
1.101753355214896e-09
1.101755131571736e-09
1.101735591646502e-09
1.101714275364429e-09
1.101724933505466e-09
1.101732038932823e-09
1.101721380791787e-09
1.10171249900759e-09
1.101716051721269e-09
1.101698288152875e-09
1.101700064509714e-09
1.101698288152875e-09
1.101692959082357e-09
1.101675195513963e-09
1.101676971870802e-09
1.101692959082357e-09
1.101691182725517e-09
1.101701840866554e-09
1.101689406368678e-09
1.101662761016087e-09
1.101675195513963e-09
1.101659208302408e-09
1.101664537372926e-09
1.101646773804532e-09
1.101627233879299e-09
1.101613023024584e-09
1.101637892020335e-09
1.101657431945569e-09
1.101655655588729e-09
1.101669866443444e-09
1.101650326518211e-09
1.101620128451941e-09
1.101614799381423e-09
1.101604141240387e-09
1.101581048601474e-09
1.101600588526708e-09
1.101613023024584e-09
1.101598812169868e-09
1.10159525945619e-09
1.101597035813029e-09
1.10159525945619e-09
1.10159348309935e-09
1.101604141240387e-09
1.101616575738262e-09
1.101598812169868e-09
1.101577495887796e-09
1.101552626892044e-09
1.101550850535205e-09
1.101543745107847e-09
1.101549074178365e-09
1.10156328503308e-09
1.101547297821526e-09
1.101527757896292e-09
1.101545521464686e-09
1.10156328503308e-09
1.101582824958314e-09
1.101605917597226e-09
1.101588154028832e-09
1.101568614103599e-09
1.101557955962562e-09
1.101572166817277e-09
1.101570390460438e-09
1.101561508676241e-09
1.101575719530956e-09
1.10159348309935e-09
1.101607693954065e-09
1.101637892020335e-09
1.101646773804532e-09
1.101669866443444e-09
1.101691182725517e-09
1.101696511796035e-09
1.101675195513963e-09
1.101666313729766e-09
1.101639668377175e-09
1.101627233879299e-09
1.101637892020335e-09
1.101673419157123e-09
1.101680524584481e-09
1.101692959082357e-09
1.101705393580232e-09
1.101726709862305e-09
1.101719604434948e-09
1.101700064509714e-09
1.101687630011838e-09
1.10168407729816e-09
1.101668090086605e-09
1.101669866443444e-09
1.101673419157123e-09
1.101689406368678e-09
1.101710722650751e-09
1.101732038932823e-09
1.101744473430699e-09
1.101755131571736e-09
1.101756907928575e-09
1.101728486219145e-09
1.101721380791787e-09
1.10174269707386e-09
1.101753355214896e-09
1.101749802501217e-09
1.101744473430699e-09
1.101762236999093e-09
1.101751578858057e-09
1.10177111878329e-09
1.101767566069611e-09
1.101755131571736e-09
1.10177289514013e-09
1.101778224210648e-09
1.101769342426451e-09
1.101748026144378e-09
1.101746249787539e-09
1.101764013355933e-09
1.101776447853808e-09
1.101767566069611e-09
1.101765789712772e-09
1.101762236999093e-09
1.101764013355933e-09
1.101767566069611e-09
1.101748026144378e-09
1.101730262575984e-09
1.101749802501217e-09
1.101746249787539e-09
1.10177111878329e-09
1.101799540492721e-09
1.101790658708524e-09
1.101797764135881e-09
1.101808422276918e-09
1.101810198633757e-09
1.101835067629509e-09
1.101842173056866e-09
1.101891911048369e-09
1.101945201753551e-09
1.101961188965106e-09
1.101973623462982e-09
1.101980728890339e-09
1.101954083537748e-09
1.101957636251427e-09
1.101946978110391e-09
1.101911450973603e-09
1.101900792832566e-09
1.101884805621012e-09
1.101870594766297e-09
1.101875923836815e-09
1.101893687405209e-09
1.101899016475727e-09
1.101907898259924e-09
1.101907898259924e-09
1.101941649039873e-09
1.101939872683033e-09
1.10195053082407e-09
1.101939872683033e-09
1.101943425396712e-09
1.101957636251427e-09
1.101961188965106e-09
1.101971847106142e-09
1.101971847106142e-09
1.101952307180909e-09
1.101959412608267e-09
1.101955859894588e-09
1.101975399819821e-09
1.101994939745055e-09
1.101987834317697e-09
1.101968294392464e-09
1.101952307180909e-09
1.101962965321945e-09
1.101996716101894e-09
1.102000268815573e-09
1.102012703313449e-09
1.1020375723092e-09
1.102035795952361e-09
1.102060664948112e-09
1.102092639371222e-09
1.102099744798579e-09
1.102121061080652e-09
1.102133495578528e-09
1.102135271935367e-09
1.102108626582776e-09
1.102105073869097e-09
1.102110402939616e-09
1.10209796844174e-09
1.102083757587025e-09
1.102103297512258e-09
1.102117508366973e-09
1.102145930076404e-09
1.102133495578528e-09
1.102138824649046e-09
1.102135271935367e-09
1.102135271935367e-09
1.102131719221688e-09
1.10215658821744e-09
1.102167246358476e-09
1.102176128142673e-09
1.10218500992687e-09
1.102206326208943e-09
1.10221520799314e-09
1.102209878922622e-09
1.102193891711067e-09
1.102193891711067e-09
1.102181457213192e-09
1.102160140931119e-09
1.102122837437491e-09
1.102129942864849e-09
1.102163693644798e-09
1.102181457213192e-09
1.102177904499513e-09
1.102160140931119e-09
1.102177904499513e-09
1.102170799072155e-09
1.102192115354228e-09
1.102174351785834e-09
1.102183233570031e-09
1.102209878922622e-09
1.102204549852104e-09
1.102199220781586e-09
1.10218500992687e-09
1.102177904499513e-09
1.102188562640549e-09
1.102188562640549e-09
1.102167246358476e-09
1.102172575428995e-09
1.102177904499513e-09
1.102177904499513e-09
1.102183233570031e-09
1.102204549852104e-09
1.102193891711067e-09
1.102179680856352e-09
1.102197444424746e-09
1.102206326208943e-09
1.102202773495264e-09
1.102209878922622e-09
1.102227642491016e-09
1.10224540605941e-09
1.102250735129928e-09
1.102241853345731e-09
1.102236524275213e-09
1.102243629702571e-09
1.102241853345731e-09
1.102243629702571e-09
1.102227642491016e-09
1.10221698434998e-09
1.102193891711067e-09
1.102204549852104e-09
1.10221698434998e-09
1.102224089777337e-09
1.102232971561534e-09
1.10224540605941e-09
1.102227642491016e-09
1.102232971561534e-09
1.102225866134177e-09
1.102218760706819e-09
1.102234747918374e-09
1.102240076988892e-09
1.102224089777337e-09
1.102236524275213e-09
1.102240076988892e-09
1.102250735129928e-09
1.102270275055162e-09
1.10227382776884e-09
1.10227382776884e-09
1.102264945984643e-09
1.102270275055162e-09
1.102270275055162e-09
1.102284485909877e-09
1.10230580219195e-09
1.10230402583511e-09
1.102286262266716e-09
1.102257840557286e-09
1.102259616914125e-09
1.102261393270965e-09
1.102254287843607e-09
1.102250735129928e-09
1.102270275055162e-09
1.102272051412001e-09
1.102256064200446e-09
1.102272051412001e-09
1.102259616914125e-09
1.102247182416249e-09
1.102261393270965e-09
1.102263169627804e-09
1.102277380482519e-09
1.102284485909877e-09
1.102325342117183e-09
1.102339552971898e-09
1.102337776615059e-09
1.102341329328738e-09
1.102339552971898e-09
1.102323565760344e-09
1.102312907619307e-09
1.102343105685577e-09
1.102385738249723e-09
1.102387514606562e-09
1.102355540183453e-09
1.102378632822365e-09
1.102403501818117e-09
1.10242304174335e-09
1.102442581668583e-09
1.102440805311744e-09
1.102460345236977e-09
1.102471003378014e-09
1.102467450664335e-09
1.102463897950656e-09
1.102428370813868e-09
1.102431923527547e-09
1.102426594457029e-09
1.102398172747598e-09
1.102367974681329e-09
1.102367974681329e-09
1.102396396390759e-09
1.102387514606562e-09
1.102383961892883e-09
1.102375080108686e-09
1.102389290963401e-09
1.102417712672832e-09
1.10242304174335e-09
1.102428370813868e-09
1.102437252598065e-09
1.102424818100189e-09
1.102444358025423e-09
1.102460345236977e-09
1.102456792523299e-09
1.102476332448532e-09
1.102508306871641e-09
1.102520741369517e-09
1.102538504937911e-09
1.102559821219984e-09
1.102581137502057e-09
1.102588242929414e-09
1.102579361145217e-09
1.102575808431538e-09
1.102566926647341e-09
1.102581137502057e-09
1.10257225571786e-09
1.102586466572575e-09
1.102597124713611e-09
1.102593571999932e-09
1.102597124713611e-09
1.102595348356772e-09
1.102602453784129e-09
1.102606006497808e-09
1.102584690215735e-09
1.10257225571786e-09
1.102565150290502e-09
1.102526070440035e-09
1.10251185958532e-09
1.102524294083196e-09
1.10251185958532e-09
1.102547386722108e-09
1.102545610365269e-09
1.102554492149466e-09
1.102556268506305e-09
1.102534952224232e-09
1.102513635942159e-09
1.102501201444284e-09
1.102501201444284e-09
1.102486990589568e-09
1.10248343787589e-09
1.102499425087444e-09
1.102517188655838e-09
1.102497648730605e-09
1.102533175867393e-09
1.102536728581072e-09
1.102510083228481e-09
1.10248343787589e-09
1.102485214232729e-09
1.102495872373765e-09
1.102506530514802e-09
1.102510083228481e-09
1.102499425087444e-09
1.10248343787589e-09
1.102479885162211e-09
1.102502977801123e-09
1.102522517726356e-09
1.102518965012678e-09
1.10251185958532e-09
1.102529623153714e-09
1.102549163078947e-09
1.102545610365269e-09
1.102549163078947e-09
1.102554492149466e-09
1.102577584788378e-09
1.102593571999932e-09
1.102575808431538e-09
1.102581137502057e-09
1.102595348356772e-09
1.102609559211487e-09
1.102591795643093e-09
1.102568703004181e-09
1.102582913858896e-09
1.102595348356772e-09
1.102598901070451e-09
1.10257225571786e-09
1.102563373933663e-09
1.102556268506305e-09
1.102538504937911e-09
1.102533175867393e-09
1.102527846796875e-09
1.102513635942159e-09
1.102513635942159e-09
1.102518965012678e-09
1.102527846796875e-09
1.102524294083196e-09
1.102566926647341e-09
1.10257047936102e-09
1.102536728581072e-09
1.102515412298999e-09
1.102527846796875e-09
1.102529623153714e-09
1.102529623153714e-09
1.102515412298999e-09
1.102508306871641e-09
1.102517188655838e-09
1.102529623153714e-09
1.10254205765159e-09
1.102579361145217e-09
1.102586466572575e-09
1.102602453784129e-09
1.102584690215735e-09
1.102574032074699e-09
1.102577584788378e-09
1.102579361145217e-09
1.102607782854648e-09
1.102618440995684e-09
1.102618440995684e-09
1.102648639061954e-09
1.102657520846151e-09
1.102685942555581e-09
1.102691271626099e-09
1.102682389841902e-09
1.102645086348275e-09
1.102643309991436e-09
1.10263087549356e-09
1.102664626273508e-09
1.102677060771384e-09
1.10263087549356e-09
1.102584690215735e-09
1.102561597576823e-09
1.102527846796875e-09
1.102520741369517e-09
1.102520741369517e-09
1.102529623153714e-09
1.102552715792626e-09
1.102565150290502e-09
1.102565150290502e-09
1.102547386722108e-09
1.102545610365269e-09
1.102547386722108e-09
1.102533175867393e-09
1.102518965012678e-09
1.102559821219984e-09
1.102613111925166e-09
1.102639757277757e-09
1.102632651850399e-09
1.10262909913672e-09
1.102632651850399e-09
1.102653968132472e-09
1.102671731700866e-09
1.102687718912421e-09
1.102691271626099e-09
1.10271791697869e-09
1.102737456903924e-09
1.102756996829157e-09
1.102760549542836e-09
1.102753444115478e-09
1.102732127833406e-09
1.102733904190245e-09
1.102730351476566e-09
1.102709035194493e-09
1.102684166198742e-09
1.102673508057705e-09
1.102655744489311e-09
1.102662849916669e-09
1.102668178987187e-09
1.102680613485063e-09
1.102677060771384e-09
1.102693047982939e-09
1.102684166198742e-09
1.102668178987187e-09
1.102685942555581e-09
1.102730351476566e-09
1.102758773185997e-09
1.102765878613354e-09
1.102767654970194e-09
1.102755220472318e-09
1.102769431327033e-09
1.102799629393303e-09
1.102820945675376e-09
1.102845814671127e-09
1.10283693288693e-09
1.102812063891179e-09
1.102792523965945e-09
1.102780089468069e-09
1.102810287534339e-09
1.1028671309532e-09
1.102888447235273e-09
1.102888447235273e-09
1.102890223592112e-09
1.102890223592112e-09
1.10289732901947e-09
1.102906210803667e-09
1.102923974372061e-09
1.102932856156258e-09
1.102948843367813e-09
1.102959501508849e-09
1.102943514297294e-09
1.102931079799419e-09
1.102929303442579e-09
1.102920421658382e-09
1.1029257507289e-09
1.102904434446828e-09
1.102845814671127e-09
1.102797853036463e-09
1.102803182106982e-09
1.102799629393303e-09
1.102826274745894e-09
1.102845814671127e-09
1.102876012737397e-09
1.102907987160506e-09
1.102916868944703e-09
1.102907987160506e-09
1.10289732901947e-09
1.102909763517346e-09
1.102950619724652e-09
1.10295594879517e-09
1.102954172438331e-09
1.102961277865688e-09
1.102920421658382e-09
1.102876012737397e-09
1.102863578239521e-09
1.102872460023718e-09
1.102876012737397e-09
1.1028671309532e-09
1.102870683666879e-09
1.10286890731004e-09
1.102863578239521e-09
1.102890223592112e-09
1.102890223592112e-09
1.102852920098485e-09
1.10283870924377e-09
1.102888447235273e-09
1.102899105376309e-09
1.102911539874185e-09
1.102872460023718e-09
1.102835156530091e-09
1.102801405750142e-09
1.102783642181748e-09
1.102799629393303e-09
1.102817392961697e-09
1.102820945675376e-09
1.102820945675376e-09
1.102828051102733e-09
1.102835156530091e-09
1.102860025525843e-09
1.102845814671127e-09
1.102845814671127e-09
1.102870683666879e-09
1.102893776305791e-09
1.102891999948952e-09
1.102918645301543e-09
1.102918645301543e-09
1.102943514297294e-09
1.102934632513097e-09
1.102904434446828e-09
1.102877789094237e-09
1.102900881733149e-09
1.102916868944703e-09
1.102916868944703e-09
1.102890223592112e-09
1.102886670878434e-09
1.102915092587864e-09
1.102899105376309e-09
1.102906210803667e-09
1.102934632513097e-09
1.102945290654134e-09
1.102966606936207e-09
1.102995028645637e-09
1.102991475931958e-09
1.102964830579367e-09
1.1029257507289e-09
1.102923974372061e-09
1.102939961583616e-09
1.102954172438331e-09
1.102952396081491e-09
1.102959501508849e-09
1.1029257507289e-09
1.102916868944703e-09
1.102939961583616e-09
1.102964830579367e-09
1.102968383293046e-09
1.102966606936207e-09
1.102948843367813e-09
1.102938185226776e-09
1.102938185226776e-09
1.102934632513097e-09
1.102922198015222e-09
1.102923974372061e-09
1.102934632513097e-09
1.102961277865688e-09
1.102971936006725e-09
1.102963054222528e-09
1.10295594879517e-09
1.102973712363564e-09
1.102959501508849e-09
1.102952396081491e-09
1.102939961583616e-09
1.1029257507289e-09
1.102913316231025e-09
1.102890223592112e-09
1.102916868944703e-09
1.102939961583616e-09
1.102929303442579e-09
1.102929303442579e-09
1.102918645301543e-09
1.102907987160506e-09
1.102922198015222e-09
1.102941737940455e-09
1.10295772515201e-09
1.102961277865688e-09
1.102966606936207e-09
1.102947067010973e-09
1.102941737940455e-09
1.10295772515201e-09
1.10295594879517e-09
1.102932856156258e-09
1.102936408869937e-09
1.102947067010973e-09
1.102950619724652e-09
1.102920421658382e-09
1.102907987160506e-09
1.102909763517346e-09
1.102918645301543e-09
1.102902658089988e-09
1.102902658089988e-09
1.102947067010973e-09
1.102954172438331e-09
1.102970159649885e-09
1.102975488720404e-09
1.102971936006725e-09
1.102959501508849e-09
1.102970159649885e-09
1.102975488720404e-09
1.102980817790922e-09
1.102993252288798e-09
1.103007463143513e-09
1.103025226711907e-09
1.103019897641389e-09
1.103023450355067e-09
1.103035884852943e-09
1.10304654299398e-09
1.103057201135016e-09
1.103055424778177e-09
1.103067859276052e-09
1.103073188346571e-09
1.103041213923461e-09
1.103037661209783e-09
1.103064306562374e-09
1.103090951914965e-09
1.103114044553877e-09
1.10310338641284e-09
1.103140689906468e-09
1.103165558902219e-09
1.103188651541132e-09
1.103209967823204e-09
1.103220625964241e-09
1.103202862395847e-09
1.103211744180044e-09
1.103195756968489e-09
1.103186875184292e-09
1.103201086039007e-09
1.103236613175795e-09
1.103218849607401e-09
1.103204638752686e-09
1.103215296893723e-09
1.103188651541132e-09
1.103167335259059e-09
1.103144242620147e-09
1.103121149981234e-09
1.103146018976986e-09
1.103151348047504e-09
1.103154900761183e-09
1.10316378254538e-09
1.103183322470613e-09
1.103179769756935e-09
1.103149571690665e-09
1.103126479051753e-09
1.103154900761183e-09
1.103126479051753e-09
1.103098057342322e-09
1.103085622844446e-09
1.103042990280301e-09
1.10304476663714e-09
1.103069635632892e-09
1.103076741060249e-09
1.103037661209783e-09
1.103009239500352e-09
1.102964830579367e-09
1.102938185226776e-09
1.102913316231025e-09
1.102931079799419e-09
1.102941737940455e-09
1.102938185226776e-09
1.102911539874185e-09
1.102884894521594e-09
1.102916868944703e-09
1.102970159649885e-09
1.102961277865688e-09
1.102920421658382e-09
1.102939961583616e-09
1.10298614686144e-09
1.103025226711907e-09
1.10301456857087e-09
1.103048319350819e-09
1.103090951914965e-09
1.103096280985483e-09
1.103106939126519e-09
1.103137137192789e-09
1.103122926338074e-09
1.103151348047504e-09
1.103162006188541e-09
1.103142466263307e-09
1.103137137192789e-09
1.103114044553877e-09
1.103112268197037e-09
1.103144242620147e-09
1.103160229831701e-09
1.10316378254538e-09
1.103199309682168e-09
1.103250824030511e-09
1.103249047673671e-09
1.103263258528386e-09
1.103270363955744e-09
1.103265034885226e-09
1.103268587598905e-09
1.10328102209678e-09
1.103275693026262e-09
1.103272140312583e-09
1.103286351167299e-09
1.103304114735693e-09
1.103320101947247e-09
1.103353852727196e-09
1.103336089158802e-09
1.103305891092532e-09
1.10331299651989e-09
1.103320101947247e-09
1.103302338378853e-09
1.103293456594656e-09
1.103261482171547e-09
1.103215296893723e-09
1.103225955034759e-09
1.103257929457868e-09
1.103215296893723e-09
1.10322417867792e-09
1.103215296893723e-09
1.103188651541132e-09
1.103190427897971e-09
1.103206415109526e-09
1.103209967823204e-09
1.103213520536883e-09
1.103236613175795e-09
1.10322240232108e-09
1.103208191466365e-09
1.103204638752686e-09
1.10319398061165e-09
1.103204638752686e-09
1.103199309682168e-09
1.103195756968489e-09
1.103202862395847e-09
1.103243718603153e-09
1.103233060462117e-09
1.103231284105277e-09
1.103233060462117e-09
1.103229507748438e-09
1.103211744180044e-09
1.103225955034759e-09
1.103225955034759e-09
1.103227731391598e-09
1.103238389532635e-09
1.103268587598905e-09
1.103309443806211e-09
1.103316549233568e-09
1.103325431017765e-09
1.103323654660926e-09
1.103288127524138e-09
1.103256153101029e-09
1.103273916669423e-09
1.103275693026262e-09
1.103272140312583e-09
1.103297009308335e-09
1.103323654660926e-09
1.103323654660926e-09
1.103321878304087e-09
1.10334141822932e-09
1.103364510868232e-09
1.103375169009269e-09
1.103362734511393e-09
1.103366287225072e-09
1.103357405440875e-09
1.103330760088284e-09
1.10331299651989e-09
1.103300562022014e-09
1.103291680237817e-09
1.103293456594656e-09
1.103266811242065e-09
1.103300562022014e-09
1.103337865515641e-09
1.103359181797714e-09
1.103385827150305e-09
1.103398261648181e-09
1.10340003800502e-09
1.10337161629559e-09
1.103327207374605e-09
1.103300562022014e-09
1.103291680237817e-09
1.103314772876729e-09
1.103320101947247e-09
1.103320101947247e-09
1.103343194586159e-09
1.103353852727196e-09
1.103332536445123e-09
1.103343194586159e-09
1.103350300013517e-09
1.103353852727196e-09
1.103350300013517e-09
1.103336089158802e-09
1.103346747299838e-09
1.103346747299838e-09
1.103332536445123e-09
1.103318325590408e-09
1.103336089158802e-09
1.103376945366108e-09
1.103419577930254e-09
1.103414248859735e-09
1.103384050793466e-09
1.103376945366108e-09
1.103376945366108e-09
1.103357405440875e-09
1.103332536445123e-09
1.103353852727196e-09
1.103385827150305e-09
1.103385827150305e-09
1.103355629084035e-09
1.103355629084035e-09
1.103357405440875e-09
1.103368063581911e-09
1.103353852727196e-09
1.103316549233568e-09
1.103314772876729e-09
1.103327207374605e-09
1.103325431017765e-09
1.103309443806211e-09
1.103297009308335e-09
1.103268587598905e-09
1.103263258528386e-09
1.103272140312583e-09
1.103265034885226e-09
1.103286351167299e-09
1.10328102209678e-09
1.103265034885226e-09
1.103279245739941e-09
1.103275693026262e-09
1.103263258528386e-09
1.10328279845362e-09
1.103259705814708e-09
1.103268587598905e-09
1.103284574810459e-09
1.103291680237817e-09
1.103300562022014e-09
1.10328279845362e-09
1.103270363955744e-09
1.103256153101029e-09
1.103236613175795e-09
1.103236613175795e-09
1.103209967823204e-09
1.103211744180044e-09
1.103209967823204e-09
1.10322240232108e-09
1.103197533325329e-09
1.103199309682168e-09
1.103195756968489e-09
1.103188651541132e-09
1.103177993400095e-09
1.103162006188541e-09
1.103140689906468e-09
1.103156677118022e-09
1.10316378254538e-09
1.103149571690665e-09
1.10313536083595e-09
1.103138913549628e-09
1.103144242620147e-09
1.103199309682168e-09
1.103234836818956e-09
1.103217073250562e-09
1.103183322470613e-09
1.103165558902219e-09
1.103201086039007e-09
1.103211744180044e-09
1.103217073250562e-09
1.103199309682168e-09
1.103208191466365e-09
1.10319398061165e-09
1.103177993400095e-09
1.103181546113774e-09
1.103172664329577e-09
1.103153124404344e-09
1.103170887972738e-09
1.103185098827453e-09
1.103195756968489e-09
1.103211744180044e-09
1.103208191466365e-09
1.103199309682168e-09
1.103185098827453e-09
1.103165558902219e-09
1.103190427897971e-09
1.10319398061165e-09
1.103188651541132e-09
1.103176217043256e-09
1.103209967823204e-09
1.103240165889474e-09
1.103249047673671e-09
1.103234836818956e-09
1.103231284105277e-09
1.103243718603153e-09
1.103250824030511e-09
1.103261482171547e-09
1.10328279845362e-09
1.103284574810459e-09
1.10328102209678e-09
1.103263258528386e-09
1.103261482171547e-09
1.103289903880977e-09
1.103307667449371e-09
1.103339641872481e-09
1.103357405440875e-09
1.103327207374605e-09
1.103330760088284e-09
1.103320101947247e-09
1.103309443806211e-09
1.103328983731444e-09
1.103336089158802e-09
1.103337865515641e-09
1.10334141822932e-09
1.103332536445123e-09
1.103300562022014e-09
1.103266811242065e-09
1.103270363955744e-09
1.103250824030511e-09
1.103209967823204e-09
1.10319398061165e-09
1.103174440686416e-09
1.103158453474862e-09
1.103147795333825e-09
1.10316378254538e-09
1.10313536083595e-09
1.103106939126519e-09
1.103112268197037e-09
1.103114044553877e-09
1.103131808122271e-09
1.103156677118022e-09
1.103140689906468e-09
1.103153124404344e-09
1.103144242620147e-09
1.103108715483359e-09
1.10307496470341e-09
1.103018121284549e-09
1.102996805002476e-09
1.102989699575119e-09
1.102984370504601e-09
1.102996805002476e-09
1.102982594147761e-09
1.102980817790922e-09
1.102995028645637e-09
1.102998581359316e-09
1.102989699575119e-09
1.102959501508849e-09
1.102980817790922e-09
1.102971936006725e-09
1.1029257507289e-09
1.102916868944703e-09
1.102936408869937e-09
1.102923974372061e-09
1.102939961583616e-09
1.102961277865688e-09
1.103005686786673e-09
1.103034108496104e-09
1.103035884852943e-09
1.103066082919213e-09
1.103080293773928e-09
1.103051872064498e-09
1.103025226711907e-09
1.103034108496104e-09
1.103064306562374e-09
1.103078517417089e-09
1.103053648421337e-09
1.103023450355067e-09
1.103025226711907e-09
1.103055424778177e-09
1.103071411989731e-09
1.103057201135016e-09
1.103055424778177e-09
1.103053648421337e-09
1.103023450355067e-09
1.103037661209783e-09
1.103071411989731e-09
1.103078517417089e-09
1.103080293773928e-09
1.103094504628643e-09
1.103110491840198e-09
1.103094504628643e-09
1.103098057342322e-09
1.103101610056001e-09
1.103085622844446e-09
1.103094504628643e-09
1.10310338641284e-09
1.103124702694913e-09
1.103138913549628e-09
1.103149571690665e-09
1.103201086039007e-09
1.103245494959992e-09
1.103249047673671e-09
1.103250824030511e-09
1.103273916669423e-09
1.103273916669423e-09
1.103261482171547e-09
1.103266811242065e-09
1.103273916669423e-09
1.103270363955744e-09
1.103279245739941e-09
1.103247271316832e-09
1.103213520536883e-09
1.103229507748438e-09
1.103257929457868e-09
1.103266811242065e-09
1.103300562022014e-09
1.103289903880977e-09
1.103286351167299e-09
1.103261482171547e-09
1.103234836818956e-09
1.103238389532635e-09
1.103259705814708e-09
1.10325260038735e-09
1.10325260038735e-09
1.103245494959992e-09
1.103265034885226e-09
1.103302338378853e-09
1.103300562022014e-09
1.103314772876729e-09
1.103328983731444e-09
1.10331122016305e-09
1.103288127524138e-09
1.103270363955744e-09
1.103220625964241e-09
1.103201086039007e-09
1.103195756968489e-09
1.103176217043256e-09
1.103154900761183e-09
1.103138913549628e-09
1.103137137192789e-09
1.103142466263307e-09
1.103153124404344e-09
1.103177993400095e-09
1.103190427897971e-09
1.103190427897971e-09
1.103177993400095e-09
1.103177993400095e-09
1.103172664329577e-09
1.103147795333825e-09
1.103162006188541e-09
1.103160229831701e-09
1.103160229831701e-09
1.103158453474862e-09
1.103138913549628e-09
1.103137137192789e-09
1.103117597267556e-09
1.103089175558125e-09
1.103089175558125e-09
1.103087399201286e-09
1.103078517417089e-09
1.103101610056001e-09
1.103117597267556e-09
1.103121149981234e-09
1.103092728271804e-09
1.103089175558125e-09
1.103098057342322e-09
1.103147795333825e-09
1.103172664329577e-09
1.10319220425481e-09
1.10322417867792e-09
1.103241942246314e-09
1.103249047673671e-09
1.103199309682168e-09
1.103197533325329e-09
1.103243718603153e-09
1.103229507748438e-09
1.103220625964241e-09
1.103206415109526e-09
1.103233060462117e-09
1.103272140312583e-09
1.103298785665174e-09
1.103343194586159e-09
1.103360958154553e-09
1.103373392652429e-09
1.103396485291341e-09
1.103414248859735e-09
1.103426683357611e-09
1.103414248859735e-09
1.103410696146057e-09
1.103408919789217e-09
1.103421354287093e-09
1.103416025216575e-09
1.103419577930254e-09
1.103405367075538e-09
1.10340003800502e-09
1.103387603507144e-09
1.103387603507144e-09
1.103416025216575e-09
1.103421354287093e-09
1.103410696146057e-09
1.103394708934502e-09
1.103398261648181e-09
1.103392932577663e-09
1.103396485291341e-09
1.10337161629559e-09
1.103353852727196e-09
1.103350300013517e-09
1.103337865515641e-09
1.103321878304087e-09
1.103353852727196e-09
1.103387603507144e-09
1.10340003800502e-09
1.103444446926005e-09
1.103476421349114e-09
1.10349063220383e-09
1.103510172129063e-09
1.103524382983778e-09
1.103535041124815e-09
1.103542146552172e-09
1.103551028336369e-09
1.103543922909012e-09
1.103545699265851e-09
1.103597213614194e-09
1.103625635323624e-09
1.103646951605697e-09
1.103643398892018e-09
1.103645175248857e-09
1.103616753539427e-09
1.103572344618442e-09
1.103556357406887e-09
1.1035794500458e-09
1.103575897332121e-09
1.103572344618442e-09
1.103552804693209e-09
1.103552804693209e-09
1.103563462834245e-09
1.103542146552172e-09
1.103527935697457e-09
1.103531488411136e-09
1.103506619415384e-09
1.10348885584699e-09
1.103501290344866e-09
1.103506619415384e-09
1.103526159340618e-09
1.103535041124815e-09
1.103565239191084e-09
1.103600766327872e-09
1.103586555473157e-09
1.103600766327872e-09
1.103588331829997e-09
1.103584779116318e-09
1.10360787175523e-09
1.103611424468909e-09
1.103661162460412e-09
1.103698465954039e-09
1.103702018667718e-09
1.103719782236112e-09
1.103737545804506e-09
1.10375708572974e-09
1.103805047364403e-09
1.10381570550544e-09
1.103828140003316e-09
1.103828140003316e-09
1.103797941937046e-09
1.103808600078082e-09
1.103837021787513e-09
1.103831692716994e-09
1.103806823721243e-09
1.103808600078082e-09
1.103799718293885e-09
1.103810376434922e-09
1.103799718293885e-09
1.103794389223367e-09
1.103808600078082e-09
1.103833469073834e-09
1.10387432528114e-09
1.103911628774767e-09
1.103899194276892e-09
1.10390452334741e-09
1.103931168700001e-09
1.10393472141368e-09
1.10393472141368e-09
1.103925839629483e-09
1.103924063272643e-09
1.103943603197877e-09
1.104002222973577e-09
1.104027091969328e-09
1.104050184608241e-09
1.104071500890313e-09
1.104105251670262e-09
1.104124791595495e-09
1.104101698956583e-09
1.104071500890313e-09
1.104073277247153e-09
1.104073277247153e-09
1.104075053603992e-09
1.104096369886065e-09
1.104119462524977e-09
1.104115909811298e-09
1.104123015238656e-09
1.104123015238656e-09
1.104124791595495e-09
1.104124791595495e-09
1.104123015238656e-09
1.104158542375444e-09
1.104174529586999e-09
1.104195845869071e-09
1.104194069512232e-09
1.104178082300677e-09
1.104167424159641e-09
1.104165647802802e-09
1.104183411371196e-09
1.104197622225911e-09
1.104218938507984e-09
1.104252689287932e-09
1.104254465644772e-09
1.104234925719538e-09
1.104220714864823e-09
1.104211833080626e-09
1.104156766018605e-09
1.104154989661765e-09
1.104149660591247e-09
1.104163871445962e-09
1.104188740441714e-09
1.104197622225911e-09
1.104183411371196e-09
1.104128344309174e-09
1.104105251670262e-09
1.104092817172386e-09
1.104089264458707e-09
1.104078606317671e-09
1.104091040815547e-09
1.10408215903135e-09
1.104078606317671e-09
1.104064395462956e-09
1.104076829960832e-09
1.104089264458707e-09
1.104092817172386e-09
1.104089264458707e-09
1.104099922599744e-09
1.104099922599744e-09
1.104092817172386e-09
1.104085711745029e-09
1.104092817172386e-09
1.104062619106116e-09
1.104069724533474e-09
1.104085711745029e-09
1.104073277247153e-09
1.104073277247153e-09
1.104107028027101e-09
1.104107028027101e-09
1.104078606317671e-09
1.10405196096508e-09
1.104039526467204e-09
1.10405196096508e-09
1.104039526467204e-09
1.104044855537722e-09
1.104053737321919e-09
1.104067948176635e-09
1.104032421039847e-09
1.104032421039847e-09
1.104043079180883e-09
1.104028868326168e-09
1.104028868326168e-09
1.104048408251401e-09
1.104071500890313e-09
1.104059066392438e-09
1.104076829960832e-09
1.104099922599744e-09
1.104101698956583e-09
1.104108804383941e-09
1.104121238881817e-09
1.104108804383941e-09
1.10411235709762e-09
1.104128344309174e-09
1.104130120666014e-09
1.104131897022853e-09
1.104137226093371e-09
1.104131897022853e-09
1.104133673379692e-09
1.104123015238656e-09
1.104142555163889e-09
1.104160318732283e-09
1.104144331520729e-09
1.104167424159641e-09
1.104179858657517e-09
1.10419939858275e-09
1.104238478433217e-09
1.104254465644772e-09
1.104245583860575e-09
1.104240254790056e-09
1.104256242001611e-09
1.104268676499487e-09
1.104277558283684e-09
1.104304203636275e-09
1.104313085420472e-09
1.10428821642472e-09
1.104240254790056e-09
1.104222491221662e-09
1.104190516798553e-09
1.10420117493959e-09
1.104211833080626e-09
1.104217162151144e-09
1.104195845869071e-09
1.104190516798553e-09
1.104183411371196e-09
1.104190516798553e-09
1.104197622225911e-09
1.104224267578502e-09
1.104240254790056e-09
1.104238478433217e-09
1.104206504010108e-09
1.104179858657517e-09
1.10417097687332e-09
1.104178082300677e-09
1.104178082300677e-09
1.104238478433217e-09
1.104261571072129e-09
1.104270452856326e-09
1.104233149362699e-09
1.104242031146896e-09
1.104263347428969e-09
1.104254465644772e-09
1.104286440067881e-09
1.104293545495239e-09
1.104295321852078e-09
1.104332625345705e-09
1.104336178059384e-09
1.104366376125654e-09
1.104371705196172e-09
1.10440723233296e-09
1.104421443187675e-09
1.104424995901354e-09
1.104439206756069e-09
1.104446312183427e-09
1.104419666830836e-09
1.104423219544515e-09
1.104428548615033e-09
1.104416114117157e-09
1.104416114117157e-09
1.104419666830836e-09
1.1044090086898e-09
1.104396574191924e-09
1.104405455976121e-09
1.104373481553012e-09
1.104393021478245e-09
1.104352165270939e-09
1.104339730773063e-09
1.104316638134151e-09
1.104286440067881e-09
1.104261571072129e-09
1.104274005570005e-09
1.104300650922596e-09
1.104321967204669e-09
1.104321967204669e-09
1.104314861777311e-09
1.104325519918348e-09
1.104325519918348e-09
1.10432019084783e-09
1.104323743561508e-09
1.104334401702545e-09
1.104343283486742e-09
1.104352165270939e-09
1.104371705196172e-09
1.104369928839333e-09
1.104400126905603e-09
1.104387692407727e-09
1.104364599768815e-09
1.104368152482493e-09
1.104366376125654e-09
1.104357494341457e-09
1.104336178059384e-09
1.104323743561508e-09
1.104302427279436e-09
1.104272229213166e-09
1.104279334640523e-09
1.104291769138399e-09
1.104272229213166e-09
1.104234925719538e-09
1.104236702076378e-09
1.104220714864823e-09
1.104190516798553e-09
1.104178082300677e-09
1.104165647802802e-09
1.104115909811298e-09
1.104094593529226e-09
1.104087488101868e-09
1.104085711745029e-09
1.104094593529226e-09
1.104092817172386e-09
1.104099922599744e-09
1.104092817172386e-09
1.104115909811298e-09
1.104115909811298e-09
1.104174529586999e-09
1.104215385794305e-09
1.104227820292181e-09
1.104224267578502e-09
1.104217162151144e-09
1.104227820292181e-09
1.10422959664902e-09
1.104208280366947e-09
1.104195845869071e-09
1.104234925719538e-09
1.104243807503735e-09
1.104261571072129e-09
1.104272229213166e-09
1.104295321852078e-09
1.104286440067881e-09
1.10432019084783e-09
1.104337954416224e-09
1.104361047055136e-09
1.104382363337209e-09
1.104362823411975e-09
1.104362823411975e-09
1.104364599768815e-09
1.104382363337209e-09
1.104361047055136e-09
1.104343283486742e-09
1.104345059843581e-09
1.104369928839333e-09
1.104393021478245e-09
1.104369928839333e-09
1.104364599768815e-09
1.104385916050887e-09
1.104391245121406e-09
1.104401903262442e-09
1.104412561403478e-09
1.104423219544515e-09
1.104483615677054e-09
1.104540459095915e-09
1.104570657162185e-09
1.104591973444258e-09
1.104611513369491e-09
1.104599078871615e-09
1.104593749801097e-09
1.104634606008403e-09
1.104623947867367e-09
1.1045848680169e-09
1.104606184298973e-09
1.104636382365243e-09
1.104648816863119e-09
1.104631053294725e-09
1.104634606008403e-09
1.104638158722082e-09
1.104664804074673e-09
1.104700331211461e-09
1.104709212995658e-09
1.10473408199141e-09
1.10476428005768e-09
1.104789149053431e-09
1.104803359908146e-09
1.104785596339752e-09
1.104787372696592e-09
1.104789149053431e-09
1.104780267269234e-09
1.104758950987161e-09
1.104771385485037e-09
1.10482112347654e-09
1.10485309789965e-09
1.104858426970168e-09
1.104904612247992e-09
1.104933033957423e-09
1.104913494032189e-09
1.104902835891153e-09
1.104957902953174e-09
1.104934810314262e-09
1.104897506820635e-09
1.104892177750116e-09
1.104906388604832e-09
1.10491171767535e-09
1.104917046745868e-09
1.10494013938478e-09
1.10494013938478e-09
1.10491171767535e-09
1.104920599459547e-09
1.104927704886904e-09
1.104913494032189e-09
1.104890401393277e-09
1.104890401393277e-09
1.10490994131851e-09
1.104924152173226e-09
1.104902835891153e-09
1.104874414181722e-09
1.104849545185971e-09
1.104837110688095e-09
1.104833557974416e-09
1.104814018049183e-09
1.104817570762862e-09
1.104837110688095e-09
1.104835334331256e-09
1.104845992472292e-09
1.104837110688095e-09
1.104837110688095e-09
1.10482112347654e-09
1.10482112347654e-09
1.104845992472292e-09
1.104892177750116e-09
1.104895730463795e-09
1.104899283177474e-09
1.104902835891153e-09
1.104908164961671e-09
1.104869085111204e-09
1.104860203327007e-09
1.104826452547059e-09
1.104819347119701e-09
1.104863756040686e-09
1.104877966895401e-09
1.104867308754365e-09
1.104918823102707e-09
1.104947244812138e-09
1.104949021168977e-09
1.104959679310014e-09
1.104972113807889e-09
1.104995206446802e-09
1.105009417301517e-09
1.104988101019444e-09
1.105007640944677e-09
1.105020075442553e-09
1.105007640944677e-09
1.105021851799393e-09
1.10503073358359e-09
1.105041391724626e-09
1.105064484363538e-09
1.105037839010947e-09
1.105009417301517e-09
1.104986324662605e-09
1.10499875916048e-09
1.104973890164729e-09
1.104954350239495e-09
1.104972113807889e-09
1.104977442878408e-09
1.104996982803641e-09
1.10503073358359e-09
1.105025404513071e-09
1.105020075442553e-09
1.105025404513071e-09
1.105012970015196e-09
1.10503073358359e-09
1.105034286297268e-09
1.105048497151984e-09
1.105075142504575e-09
1.105066260720378e-09
1.105048497151984e-09
1.105004088230999e-09
1.104973890164729e-09
1.10497033745105e-09
1.104956126596335e-09
1.104988101019444e-09
1.10497033745105e-09
1.104984548305765e-09
1.105009417301517e-09
1.104991653733123e-09
1.104979219235247e-09
1.105007640944677e-09
1.104984548305765e-09
1.104989877376283e-09
1.104972113807889e-09
1.104952573882656e-09
1.104957902953174e-09
1.10499875916048e-09
1.105002311874159e-09
1.105046720795144e-09
1.105076918861414e-09
1.105068037077217e-09
1.105073366147735e-09
1.105084024288772e-09
1.105112445998202e-09
1.105139091350793e-09
1.105110669641363e-09
1.105142644064472e-09
1.105158631276026e-09
1.105165736703384e-09
1.105192382055975e-09
1.105190605699136e-09
1.105210145624369e-09
1.105224356479084e-09
1.105242120047478e-09
1.105235014620121e-09
1.10520836926753e-09
1.10517817120126e-09
1.105190605699136e-09
1.105224356479084e-09
1.10520659291069e-09
1.10517817120126e-09
1.105139091350793e-09
1.105115998711881e-09
1.105101787857166e-09
1.105115998711881e-09
1.105124880496078e-09
1.105155078562348e-09
1.105146196778151e-09
1.105160407632866e-09
1.105226132835924e-09
1.105256330902193e-09
1.105249225474836e-09
1.105245672761157e-09
1.105219027408566e-09
1.105155078562348e-09
1.105124880496078e-09
1.10511777506872e-09
1.105115998711881e-09
1.105121327782399e-09
1.105128433209757e-09
1.105140867707632e-09
1.105163960346545e-09
1.105199487483333e-09
1.105220803765405e-09
1.105242120047478e-09
1.105252778188515e-09
1.105277647184266e-09
1.10526521268639e-09
1.105233238263281e-09
1.105215474694887e-09
1.105183500271778e-09
1.105162183989705e-09
1.105158631276026e-09
1.105149749491829e-09
1.105187052985457e-09
1.105185276628617e-09
1.10514797313499e-09
1.105124880496078e-09
1.105181723914939e-09
1.105229685549602e-09
1.105197711126493e-09
1.105204816553851e-09
1.105240343690639e-09
1.105247449117996e-09
1.105268765400069e-09
1.105252778188515e-09
1.105274094470587e-09
1.105281199897945e-09
1.105304292536857e-09
1.105277647184266e-09
1.105281199897945e-09
1.105288305325303e-09
1.1052971871095e-09
1.105323832462091e-09
1.105357583242039e-09
1.105364688669397e-09
1.105361135955718e-09
1.105346925101003e-09
1.10532560881893e-09
1.105298963466339e-09
1.10529541075266e-09
1.105277647184266e-09
1.105286528968463e-09
1.105277647184266e-09
1.105282976254784e-09
1.105277647184266e-09
1.105307845250536e-09
1.105345148744163e-09
1.105380675880951e-09
1.105419755731418e-09
1.105412650304061e-09
1.105432190229294e-09
1.105471270079761e-09
1.105487257291315e-09
1.105425084801936e-09
1.105387781308309e-09
1.105380675880951e-09
1.105393110378827e-09
1.105419755731418e-09
1.105469493722921e-09
1.105505020859709e-09
1.105496139075512e-09
1.105490810004994e-09
1.105497915432352e-09
1.105512126287067e-09
1.105529889855461e-09
1.105551206137534e-09
1.105558311564891e-09
1.105568969705928e-09
1.105570746062767e-09
1.105540547996497e-09
1.10553344256914e-09
1.105526337141782e-09
1.105524560784943e-09
1.105517455357585e-09
1.105505020859709e-09
1.105501468146031e-09
1.105538771639658e-09
1.1055316662123e-09
1.105536995282819e-09
1.105552982494373e-09
1.105568969705928e-09
1.105535218925979e-09
1.105522784428103e-09
1.105552982494373e-09
1.105538771639658e-09
1.105576075133285e-09
1.10556364063541e-09
1.105529889855461e-09
1.105501468146031e-09
1.10550324450287e-09
1.105506797216549e-09
1.105481928220797e-09
1.105457059225046e-09
1.105441072013491e-09
1.105462388295564e-09
1.105481928220797e-09
1.105499691789191e-09
1.105505020859709e-09
1.105513902643906e-09
1.105535218925979e-09
1.105540547996497e-09
1.105568969705928e-09
1.10556364063541e-09
1.10556364063541e-09
1.105551206137534e-09
1.105552982494373e-09
1.105552982494373e-09
1.105542324353337e-09
1.105524560784943e-09
1.105519231714425e-09
1.105501468146031e-09
1.105489033648155e-09
1.105487257291315e-09
1.105501468146031e-09
1.105490810004994e-09
1.1054730464366e-09
1.105481928220797e-09
1.10547482279344e-09
1.1054730464366e-09
1.105457059225046e-09
1.105462388295564e-09
1.105497915432352e-09
1.105535218925979e-09
1.105544100710176e-09
1.105540547996497e-09
1.105554758851213e-09
1.105570746062767e-09
1.105579627846964e-09
1.105595615058519e-09
1.105593838701679e-09
1.105590285988001e-09
1.105609825913234e-09
1.105618707697431e-09
1.105645353050022e-09
1.105634694908986e-09
1.10562048405427e-09
1.10562048405427e-09
1.105615154983752e-09
1.105604496842716e-09
1.105624036767949e-09
1.10562226041111e-09
1.105618707697431e-09
1.105631142195307e-09
1.105647129406861e-09
1.105638247622664e-09
1.10568088018681e-09
1.105709301896241e-09
1.105725289107795e-09
1.105719960037277e-09
1.105748381746707e-09
1.105794567024532e-09
1.105783908883495e-09
1.10573949996251e-09
1.10574127631935e-09
1.105748381746707e-09
1.10579989609505e-09
1.105835423231838e-09
1.105849634086553e-09
1.10586029222759e-09
1.105865621298108e-09
1.105869174011787e-09
1.105879832152823e-09
1.105899372078056e-09
1.105899372078056e-09
1.105924241073808e-09
1.105963320924275e-09
1.105991742633705e-09
1.105986413563187e-09
1.105973979065311e-09
1.105968649994793e-09
1.10594733371272e-09
1.105940228285363e-09
1.105950886426399e-09
1.105952662783238e-09
1.105966873637954e-09
1.106002400774742e-09
1.106018387986296e-09
1.106032598841011e-09
1.106034375197851e-09
1.10603792791153e-09
1.106041480625208e-09
1.106027269770493e-09
1.106014835272617e-09
1.105986413563187e-09
1.10600595348842e-09
1.106004177131581e-09
1.105982860849508e-09
1.105968649994793e-09
1.105972202708472e-09
1.105982860849508e-09
1.105997071704223e-09
1.106000624417902e-09
