1.570796657190954e-07
4.711970600368431e-07
7.851404681957774e-07
1.098779621067081e-06
1.411981340737611e-06
1.724612737064035e-06
2.03654128405617e-06
2.347634849186875e-06
2.65776174224186e-06
2.966791059932916e-06
3.274592530466691e-06
3.581036549960004e-06
3.885994614094557e-06
4.189338940641107e-06
4.490942896673289e-06
4.790680971034078e-06
5.088428823185609e-06
5.384063366697944e-06
5.677462922903942e-06
5.968507152509517e-06
6.257077321158988e-06
6.543056228380806e-06
6.82632838788777e-06
7.106779917442907e-06
7.384298889689944e-06
7.658775139418594e-06
7.930100533570794e-06
8.198168868212008e-06
8.4628761536365e-06
8.724120458936113e-06
8.981801962626434e-06
9.235823355879802e-06
9.486089417976018e-06
9.732507543880331e-06
9.974987396077495e-06
1.021344126428403e-05
1.044778393577417e-05
1.067793279752038e-05
1.090380797386103e-05
1.112533222613621e-05
1.134243107525634e-05
1.155503300331873e-05
1.176306902905822e-05
1.196647332868395e-05
1.216518288593704e-05
1.235913767860808e-05
1.254828066876712e-05
1.273255782940907e-05
1.291191820751436e-05
1.308631389029813e-05
1.325570008781085e-05
1.342003525461877e-05
1.357928079759319e-05
1.373340152532876e-05
1.388236525201592e-05
1.402614302747907e-05
1.416470922865898e-05
1.429804137664803e-05
1.442612023438983e-05
1.454892979602107e-05
1.466645731618144e-05
1.477869331090176e-05
1.488563148832611e-05
1.498726886683954e-05
1.508360568625022e-05
1.517464535805146e-05
1.526039457022677e-05
1.534086318244476e-05
1.541606428201447e-05
1.54860140559876e-05
1.555073197057055e-05
1.561024056062621e-05
1.566456538348859e-05
1.571373523656661e-05
1.575778187490329e-05
1.579674014795529e-05
1.58306478548198e-05
1.585954576199811e-05
1.58834776069483e-05
1.590249000127386e-05
1.591663234190577e-05
1.592595693988841e-05
1.593051879567042e-05
1.593037563285549e-05
1.592558800478372e-05
1.591621887442329e-05
1.590233392079199e-05
1.588400135599244e-05
1.586129167918671e-05
1.583427804341397e-05
1.580303580261955e-05
1.576764270883046e-05
1.572817868744636e-05
1.568472594737358e-05
1.56373687500988e-05
1.558619331731848e-05
1.553128800946268e-05
1.547274304058988e-05
1.541065046328782e-05
1.534510410294843e-05
1.527619964214466e-05
1.520403433374895e-05
1.512870695030699e-05
1.505031770854259e-05
1.496896845676332e-05
1.488476230271374e-05
1.479780354696203e-05
1.47081977894814e-05
1.461605175734348e-05
1.452147314395802e-05
1.442457074229964e-05
1.432545417223707e-05
1.422423391783667e-05
1.412102112396951e-05
1.401592767535931e-05
1.390906592568797e-05
1.380054886723769e-05
1.36904898209167e-05
1.357900253395883e-05
1.346620096231987e-05
1.335219922804498e-05
1.323711155976071e-05
1.312105225803606e-05
1.300413557014934e-05
1.288647560926393e-05
1.276818621764875e-05
1.264938099598822e-05
1.253017321722893e-05
1.241067573332089e-05
1.229100075850198e-05
1.217126000874202e-05
1.205156448325084e-05
1.193202447957731e-05
1.181274952255507e-05
1.169384820176589e-05
1.157542808627454e-05
1.145759585341466e-05
1.134045690420749e-05
1.122411566711889e-05
1.110867520637271e-05
1.099423735428928e-05
1.088090255052521e-05
1.076876975858454e-05
1.065793655286029e-05
1.054849886994447e-05
1.044055107435327e-05
1.033418583951118e-05
1.0229494073144e-05
1.012656501053755e-05
1.002554460693972e-05
9.926401030924126e-06
9.829276415018739e-06
9.734252260251708e-06
9.641408011518138e-06
9.550821022941136e-06
9.462566600504374e-06
9.376717707176851e-06
9.293345279104415e-06
9.212517946721732e-06
9.134301967250735e-06
9.058761343716526e-06
8.985957693496971e-06
8.915950245658166e-06
8.848795791216446e-06
8.78454869024381e-06
8.723260796372756e-06
8.66498148699435e-06
8.609757649047367e-06
8.557633569772349e-06
8.508651002436807e-06
8.462849091728231e-06
8.420264378194986e-06
8.380930831108913e-06
8.344879748101164e-06
8.31213989371804e-06
8.28273736974694e-06
8.256695550379334e-06
8.234035226983849e-06
8.214774545933778e-06
8.19892901482433e-06
8.186511490926307e-06
8.177532171416146e-06
8.171998772787958e-06
8.169916140055022e-06
8.171286733471561e-06
8.176110257274161e-06
8.184383968767861e-06
8.196102443847053e-06
8.211257753742984e-06
8.229839453477439e-06
8.251834638706157e-06
8.277227741437798e-06
8.306000952806869e-06
8.338133916652168e-06
8.373603836986376e-06
8.412385637868169e-06
8.454451854156275e-06
8.49977265549029e-06
8.548316032808145e-06
8.60004770331102e-06
8.654931190399395e-06
8.712927819232164e-06
8.773996816202612e-06
8.838095293839388e-06
8.905178405349545e-06
8.975199233596243e-06
9.04810903890052e-06
9.123856975712386e-06
9.202390497620172e-06
9.283655264091806e-06
9.367595107612203e-06
9.454152211318956e-06
9.543267078804263e-06
9.63487866467716e-06
9.728924321272814e-06
9.825340036684338e-06
9.924060218047259e-06
1.002501800062561e-05
1.012814519363303e-05
1.023337235661614e-05
1.034062886517972e-05
1.044984294029661e-05
1.056094169626931e-05
1.067385128195042e-05
1.078849686830807e-05
1.090480273457928e-05
1.102269241926024e-05
1.114208855934606e-05
1.126291314790251e-05
1.138508762732471e-05
1.150853270637242e-05
1.163316866836794e-05
1.175891526550288e-05
1.188569200127887e-05
1.201341788448218e-05
1.214201184662755e-05
1.227139248793918e-05
1.240147831449434e-05
1.253218769647901e-05
1.266343906625167e-05
1.279515091390238e-05
1.292724180324001e-05
1.30596304437347e-05
1.31922358166392e-05
1.332497722295045e-05
1.345777419281546e-05
1.359054676441929e-05
1.37232154768796e-05
1.385570133116687e-05
1.398792598283904e-05
1.411981156884679e-05
1.425128101129047e-05
1.438225805294735e-05
1.451266718355271e-05
1.464243365756346e-05
1.477148378015158e-05
1.489974472601574e-05
1.50271447596495e-05
1.51536131021146e-05
1.52790801548619e-05
1.540347736739278e-05
1.552673750460087e-05
1.564879454729606e-05
1.576958367976999e-05
1.588904151628157e-05
1.600710599980459e-05
1.612371650328015e-05
1.623881377632586e-05
1.635234019126131e-05
1.646423950685261e-05
1.65744571143378e-05
1.668293999390613e-05
1.678963670759259e-05
1.689449759822992e-05
1.699747451322509e-05
1.709852109677001e-05
1.719759278895339e-05
1.729464672450831e-05
1.738964181452474e-05
1.748253882016826e-05
1.757330029139581e-05
1.766189066731982e-05
1.774827627798459e-05
1.783242522357398e-05
1.791430759379153e-05
1.799389524848038e-05
1.807116212937387e-05
1.814608394923312e-05
1.821863845652416e-05
1.828880524357146e-05
1.83565658602447e-05
1.84219037935307e-05
1.848480450483692e-05
1.854525527633655e-05
1.860324540903235e-05
1.865876611617523e-05
1.87118104948425e-05
1.876237361297939e-05
1.881045236018508e-05
1.885604561824294e-05
1.889915411723564e-05
1.893978041600519e-05
1.897792902383344e-05
1.901360621570092e-05
1.904682011666381e-05
1.907758072405841e-05
1.91058998666449e-05
1.91317910438471e-05
1.9155269533222e-05
1.91763524348687e-05
1.919505852665537e-05
1.921140825622558e-05
1.922542379517722e-05
1.923712888451945e-05
1.924654896789946e-05
1.925371104860574e-05
1.925864367979813e-05
1.926137690766438e-05
1.926194231582912e-05
1.926037295163496e-05
1.925670325686468e-05
1.925096901089773e-05
1.92432075518667e-05
1.9233457262402e-05
1.922175801372106e-05
1.920815076328353e-05
1.919267783989653e-05
1.917538256535067e-05
1.91563094364966e-05
1.913550405507891e-05
1.911301309664992e-05
1.908888407520237e-05
1.9063165574984e-05
1.903590708440817e-05
1.90071588717089e-05
1.897697209685134e-05
1.894539869251588e-05
1.891249119623239e-05
1.887830299018844e-05
1.884288795306333e-05
1.880630057726762e-05
1.876859598848313e-05
1.872982971562465e-05
1.869005777255239e-05
1.864933651152256e-05
1.860772267026078e-05
1.85652733026842e-05
1.852204572383442e-05
1.847809748856122e-05
1.843348626096031e-05
1.838826986322317e-05
1.834250615040389e-05
1.829625301574822e-05
1.824956838714087e-05
1.820251003348261e-05
1.815513570146976e-05
1.810750291220131e-05
1.805966901358147e-05
1.801169115900336e-05
1.796362612349611e-05
1.791553039076632e-05
1.786746013632268e-05
1.781947101964221e-05
1.777161828098173e-05
1.772395673516058e-05
1.767654048823175e-05
1.762942324479155e-05
1.758265800511083e-05
1.753629707934579e-05
1.749039220833026e-05
1.744499426337143e-05
1.740015343543178e-05
1.735591906815159e-05
1.73123397093633e-05
1.726946303737265e-05
1.722733585385328e-05
1.718600391509284e-05
1.71455121824593e-05
1.710590443515514e-05
1.706722357308621e-05
1.702951139748166e-05
1.69928086899418e-05
1.695715501615069e-05
1.692258890173548e-05
1.688914767594696e-05
1.685686757202376e-05
1.68257835397867e-05
1.679592933800933e-05
1.676733750155535e-05
1.674003935470125e-05
1.671406492231853e-05
1.668944283839124e-05
1.666620057783064e-05
1.664436424508864e-05
1.662395862656041e-05
1.660500716216262e-05
1.658753196664975e-05
1.6571553749678e-05
1.6557091903735e-05
1.654416435137307e-05
1.653278775393119e-05
1.652297730281305e-05
1.651474684560839e-05
1.650810881415055e-05
1.650307424760911e-05
1.649965277383814e-05
1.649785271062854e-05
1.649768089162507e-05
1.649914277290776e-05
1.650224244098553e-05
1.650698261101979e-05
1.651336464814079e-05
1.652138849284057e-05
1.653105275689626e-05
1.654235468695475e-05
1.655529022670521e-05
1.65698539857928e-05
1.658603919452162e-05
1.660383781398878e-05
1.662324056539433e-05
1.664423687230965e-05
1.666681488998734e-05
1.66909615426647e-05
1.671666250224746e-05
1.674390231354295e-05
1.677266424771062e-05
1.680293044969972e-05
1.683468197910543e-05
1.686789867605398e-05
1.690255931663387e-05
1.693864171592452e-05
1.697612247930635e-05
1.701497725559165e-05
1.705518073080725e-05
1.709670656158124e-05
1.713952749149428e-05
1.718361530667067e-05
1.722894099653871e-05
1.727547460728118e-05
1.732318537150945e-05
1.737204172869156e-05
1.742201135179755e-05
1.747306119437297e-05
1.752515745767624e-05
1.75782656794965e-05
1.763235076879255e-05
1.768737704299639e-05
1.774330811787905e-05
1.780010722729486e-05
1.785773699403137e-05
1.791615957813519e-05
1.797533664849027e-05
1.803522950805103e-05
1.809579911160597e-05
1.81570059316627e-05
1.821881029684391e-05
1.828117215563196e-05
1.834405123091187e-05
1.840740699243781e-05
1.847119876785541e-05
1.85353858022097e-05
1.859992708386216e-05
1.86647816562413e-05
1.872990846774059e-05
1.879526638326467e-05
1.886081444801846e-05
1.892651166190973e-05
1.899231710833504e-05
1.905818999858866e-05
1.912408974735769e-05
1.91899758572589e-05
1.925580813910699e-05
1.932154661776764e-05
1.938715157390192e-05
1.945258359459245e-05
1.951780367193123e-05
1.958277306002287e-05
1.964745352545094e-05
1.971180718296495e-05
1.977579654788286e-05
1.983938477856384e-05
1.990253538064479e-05
1.996521252589645e-05
2.002738081863242e-05
2.008900549466119e-05
2.015005247990587e-05
2.0210488175465e-05
2.027027981466034e-05
2.032939513707532e-05
2.038780275626095e-05
2.044547181867529e-05
2.050237232165131e-05
2.055847507165254e-05
2.061375156880985e-05
2.066817414192457e-05
2.072171593070493e-05
2.077435094971491e-05
2.082605393649573e-05
2.087680068108e-05
2.092656774266288e-05
2.097533256506523e-05
2.102307351847799e-05
2.106976989235676e-05
2.11154019540416e-05
2.115995081197752e-05
2.120339858002751e-05
2.124572834460992e-05
2.128692415315214e-05
2.132697098833347e-05
2.136585490486453e-05
2.140356277546829e-05
2.144008261861785e-05
2.147540340757814e-05
2.150951508639309e-05
2.15424086009719e-05
2.157407590352989e-05
2.160450997834573e-05
2.163370485241956e-05
2.166165533612485e-05
2.16883574628568e-05
2.171380820570334e-05
2.173800547211613e-05
2.176094825756536e-05
2.178263643681788e-05
2.180307090160483e-05
2.182225351976541e-05
2.184018711037794e-05
2.185687547573423e-05
2.187232335248979e-05
2.188653637524851e-05
2.189952120534855e-05
2.191128529016595e-05
2.19218370798302e-05
2.193118591709009e-05
2.193934194050229e-05
2.194631623009258e-05
2.195212072031438e-05
2.195676815208714e-05
2.196027210832341e-05
2.196264698106631e-05
2.196390791997516e-05
2.196407087762253e-05
2.196315259350712e-05
2.196117045194512e-05
2.195814267391683e-05
2.195408813143729e-05
2.19490263662081e-05
2.194297761448638e-05
2.193596272448417e-05
2.19280031705793e-05
2.191912106663807e-05
2.19093390683156e-05
2.189868042279386e-05
2.188716888262832e-05
2.187482873239333e-05
2.186168473183869e-05
2.1847762102567e-05
2.183308655556715e-05
2.181768424946995e-05
2.18015816768613e-05
2.178480565095953e-05
2.176738349835006e-05
2.17493427525639e-05
2.173071127398174e-05
2.171151726848564e-05
2.169178911692882e-05
2.167155547549982e-05
2.165084521887906e-05
2.162968729990666e-05
2.160811097962068e-05
2.158614560787697e-05
2.156382057982853e-05
2.154116538832795e-05
2.151820965323736e-05
2.149498301751152e-05
2.147151510190071e-05
2.14478355369252e-05
2.142397384563566e-05
2.139995962924246e-05
2.137582230332669e-05
2.135159124883046e-05
2.132729564330305e-05
2.130296454705416e-05
2.12786269138121e-05
2.125431137223188e-05
2.123004645238069e-05
2.120586038856231e-05
2.1181781198365e-05
2.115783655565195e-05
2.113405385273381e-05
2.111046019859231e-05
2.108708229275891e-05
2.106394656209432e-05
2.10410789902582e-05
2.101850514435455e-05
2.099625026996677e-05
2.097433907710666e-05
2.095279588854027e-05
2.093164451011376e-05
2.091090828137965e-05
2.089061006849136e-05
2.087077219758982e-05
2.085141646990252e-05
2.083256419815882e-05
2.081423598365717e-05
2.07964520164694e-05
2.077923181609265e-05
2.076259430872085e-05
2.074655784145563e-05
2.073114009970567e-05
2.071635817380013e-05
2.070222851191517e-05
2.068876700889177e-05
2.06759886234309e-05
2.066390794031037e-05
2.065253874050654e-05
2.064189411665751e-05
2.063198651480747e-05
2.062282763759526e-05
2.061442857126394e-05
2.060679961513046e-05
2.059995037573259e-05
2.059388982189603e-05
2.058862609910506e-05
2.058416671424368e-05
2.058051845654774e-05
2.057768737806498e-05
2.057567875279886e-05
2.05744972188171e-05
2.057414667966384e-05
2.057463030702422e-05
2.057595053273076e-05
2.057810915356839e-05
2.058110718206052e-05
2.058494489798335e-05
2.058962202511339e-05
2.059513743013497e-05
2.060148934113215e-05
2.0608675269429e-05
2.061669217479078e-05
2.062553623183305e-05
2.063520298101196e-05
2.064568721049653e-05
2.065698319242415e-05
2.066908446529681e-05
2.06819840284922e-05
2.069567410512008e-05
2.071014648397096e-05
2.072539222197634e-05
2.07414017872054e-05
2.075816515567652e-05
2.077567163993876e-05
2.079391003917408e-05
2.081286863031551e-05
2.083253509344019e-05
2.085289665298973e-05
2.087394000138687e-05
2.089565129903548e-05
2.091801629600099e-05
2.094102030270051e-05
2.096464799983266e-05
2.098888380075437e-05
2.101371169338506e-05
2.10391152624112e-05
2.106507762800192e-05
2.10915815870294e-05
2.111860958997624e-05
2.114614371695467e-05
2.117416573632624e-05
2.12026571633217e-05
2.123159915967676e-05
2.126097262422633e-05
2.129075825063609e-05
2.132093641904476e-05
2.135148730975089e-05
2.138239094851002e-05
2.141362716745476e-05
2.14451756397338e-05
2.147701579868766e-05
2.150912697818086e-05
2.154148849342619e-05
2.157407943137457e-05
2.160687889585233e-05
2.163986589742706e-05
2.167301938893473e-05
2.170631830811232e-05
2.173974154207059e-05
2.177326802410562e-05
2.180687673103421e-05
2.184054661213963e-05
2.187425675703736e-05
2.190798623225021e-05
2.194171429970027e-05
2.197542022486232e-05
2.20090834899267e-05
2.204268364902617e-05
2.20762004552455e-05
2.21096137815735e-05
2.214290370083916e-05
2.217605051235694e-05
2.220903468685975e-05
2.22418370041666e-05
2.227443841817944e-05
2.230682015458285e-05
2.233896374370659e-05
2.237085093881319e-05
2.240246379869859e-05
2.243378472321922e-05
2.246479643996935e-05
2.24954819545431e-05
2.252582472372922e-05
2.255580848853356e-05
2.258541732835795e-05
2.261463573649536e-05
2.264344866098611e-05
2.267184137139111e-05
2.269979957336687e-05
2.272730933583489e-05
2.275435724463648e-05
2.278093025864791e-05
2.280701585277711e-05
2.283260178526092e-05
2.285767649023995e-05
2.288222872337542e-05
2.290624775724837e-05
2.292972333162169e-05
2.295264567386823e-05
2.29750055362743e-05
2.299679407613553e-05
2.301800297477286e-05
2.303862446684235e-05
2.305865125329376e-05
2.307807654844396e-05
2.309689406843063e-05
2.311509804631129e-05
2.313268319475981e-05
2.314964479843695e-05
2.316597863316616e-05
2.318168095172268e-05
2.319674857798049e-05
2.321117883319346e-05
2.322496950668551e-05
2.323811901394635e-05
2.325062614705331e-05
2.326249030204508e-05
2.327371134658307e-05
2.328428958708884e-05
2.329422586289098e-05
2.330352162083216e-05
2.331217870565894e-05
2.332019942574703e-05
2.332758666501178e-05
2.333434372658871e-05
2.334047429108921e-05
2.334598269992938e-05
2.335087360005872e-05
2.33551521455766e-05
2.335882401016676e-05
2.336189517748721e-05
2.336437215788578e-05
2.336626176369094e-05
2.33675713863235e-05
2.336830873606033e-05
2.336848190598317e-05
2.336809944925022e-05
2.336717027429103e-05
2.336570366434643e-05
2.336370914157726e-05
2.336119681256577e-05
2.335817692600273e-05
2.335466015246368e-05
2.335065752845367e-05
2.334618028143609e-05
2.334124000125115e-05
2.333584860103599e-05
2.333001821153147e-05
2.332376121572111e-05
2.331709032610263e-05
2.331001848432379e-05
2.330255879812171e-05
2.329472464168703e-05
2.328652960148503e-05
2.327798745405119e-05
2.326911212513494e-05
2.325991773144409e-05
2.32504185726512e-05
2.324062906833291e-05
2.323056374464727e-05
2.322023734624423e-05
2.320966467106444e-05
2.319886053303577e-05
2.318783992372175e-05
2.317661788886483e-05
2.316520946976652e-05
2.315362983384972e-05
2.314189420538071e-05
2.313001770026801e-05
2.311801556231785e-05
2.310590296517034e-05
2.309369510467008e-05
2.30814071242591e-05
2.306905411142424e-05
2.30566511492114e-05
2.304421325938222e-05
2.303175530204982e-05
2.301929213377463e-05
2.300683851430563e-05
2.299440900621619e-05
2.298201809658451e-05
2.29696802644952e-05
2.295740963198512e-05
2.294522030332757e-05
2.293312615186949e-05
2.292114101187792e-05
2.290927836146039e-05
2.289756078877048e-05
2.288598300204114e-05
2.287456716576486e-05
2.286332597023488e-05
2.285227194764872e-05
2.284141734421041e-05
2.283077411568968e-05
2.282035398248894e-05
2.281016847849315e-05
2.280022882050758e-05
2.279054590648144e-05
2.278113039455576e-05
2.277199264266727e-05
2.276314267302126e-05
2.275459025291582e-05
2.274634483256932e-05
2.273841547051347e-05
2.273081102188712e-05
2.272353990395715e-05
2.271661027908323e-05
2.271002996589999e-05
2.270380638691449e-05
2.269794662446145e-05
2.269245748731663e-05
2.26873453561538e-05
2.268261622262457e-05
2.267827589363947e-05
2.267432965297189e-05
2.267078246553922e-05
2.266763890634849e-05
2.266490324842607e-05
2.266257933136728e-05
2.266067073630751e-05
2.265918051591598e-05
2.265811150170549e-05
2.265746604557251e-05
2.265724618766285e-05
2.26574535915347e-05
2.265808952817139e-05
2.265915493016024e-05
2.266065040767984e-05
2.2662576173893e-05
2.266493202540687e-05
2.26677174497425e-05
2.267093154362243e-05
2.267457310978216e-05
2.267864060989666e-05
2.268313205888717e-05
2.268804525762391e-05
2.269337752203171e-05
2.26991259859588e-05
2.2705287348046e-05
2.271185803515152e-05
2.271883414994846e-05
2.272621144516762e-05
2.273398534935467e-05
2.274215107789246e-05
2.275070346424712e-05
2.275963705233863e-05
2.276894615249603e-05
2.277862472421788e-05
2.278866657157153e-05
2.279906512203667e-05
2.280981356950207e-05
2.28209048280803e-05
2.283233163602461e-05
2.28440864402657e-05
2.285616147545966e-05
2.286854871780264e-05
2.288124002625125e-05
2.289422695422871e-05
2.290750088995708e-05
2.29210530440227e-05
2.293487440319097e-05
2.294895585919221e-05
2.296328805684311e-05
2.297786152283265e-05
2.299266659466781e-05
2.300769349439236e-05
2.302293239608844e-05
2.303837316208757e-05
2.305400578173078e-05
2.306981990063406e-05
2.308580523013859e-05
2.310195135546422e-05
2.31182477303804e-05
2.313468386017092e-05
2.315124906537847e-05
2.316793268608563e-05
2.318472397888627e-05
2.320161220303874e-05
2.321858655296438e-05
2.323563623196634e-05
2.325275043801867e-05
2.326991836643089e-05
2.328712928534316e-05
2.330437237230143e-05
2.3321636906104e-05
2.333891219929995e-05
2.335618758841917e-05
2.337345247482858e-05
2.339069631762669e-05
2.340790861321551e-05
2.342507902941549e-05
2.344219720029628e-05
2.345925295177409e-05
2.347623615150951e-05
2.349313682525889e-05
2.350994508937276e-05
2.352665120675113e-05
2.354324544917574e-05
2.355971845968696e-05
2.357606081115904e-05
2.359226335002518e-05
2.36083170372936e-05
2.362421298496287e-05
2.363994249510171e-05
2.365549704297365e-05
2.367086833210408e-05
2.368604816194164e-05
2.370102862769841e-05
2.371580194715506e-05
2.373036055924871e-05
2.374469715427097e-05
2.375880462590629e-05
2.377267598507871e-05
2.378630461308262e-05
2.379968401644561e-05
2.381280797081331e-05
2.382567046943507e-05
2.38382657578029e-05
2.385058838605403e-05
2.386263299225533e-05
2.387439462481211e-05
2.388586843693474e-05
2.38970500010538e-05
2.390793499618127e-05
2.391851935978906e-05
2.392879939705495e-05
2.393877163164859e-05
2.394843276576353e-05
2.395777987018732e-05
2.39668101782442e-05
2.397552130339875e-05
2.398391106073205e-05
2.399197752822602e-05
2.399971905919784e-05
2.400713418282407e-05
2.401422184394875e-05
2.402098114107076e-05
2.402741151463772e-05
2.403351252944219e-05
2.403928418104329e-05
2.404472660355594e-05
2.404984020909495e-05
2.405462576593465e-05
2.405908409652824e-05
2.406321641768017e-05
2.40670241833385e-05
2.407050900998797e-05
2.407367292711626e-05
2.407651799440913e-05
2.407904663837002e-05
2.408126143293998e-05
2.408316534463495e-05
2.408476142257143e-05
2.408605286774446e-05
2.408704328527023e-05
2.408773641704443e-05
2.408813617282846e-05
2.408824670041554e-05
2.408807234921539e-05
2.408761767735967e-05
2.408688738064768e-05
2.408588643021403e-05
2.408461991798561e-05
2.408309307178058e-05
2.408131137787706e-05
2.407928045400354e-05
2.407700609019514e-05
2.407449416352847e-05
2.407175075358481e-05
2.406878211314023e-05
2.406559452605705e-05
2.40621945026831e-05
2.405858867327026e-05
2.405478376754644e-05
2.405078656586568e-05
2.404660407684389e-05
2.404224332241967e-05
2.403771142489575e-05
2.403301561226812e-05
2.402816321378509e-05
2.402316162086748e-05
2.401801825424599e-05
2.401274066965442e-05
2.400733636154229e-05
2.400181300465931e-05
2.399617822312905e-05
2.399043973166926e-05
2.398460529207114e-05
2.397868257908442e-05
2.39726794291073e-05
2.396660360304281e-05
2.396046285735309e-05
2.395426501067277e-05
2.394801780081224e-05
2.394172893449564e-05
2.393540628986557e-05
2.392905743153761e-05
2.392269015949466e-05
2.391631205167499e-05
2.390993075440662e-05
2.390355374704001e-05
2.389718855866363e-05
2.389084259846186e-05
2.388452324009194e-05
2.387823776217601e-05
2.387199337849921e-05
2.386579722646331e-05
2.385965631734877e-05
2.385357761625073e-05
2.384757018880634e-05
2.384163636559578e-05
2.383578496800709e-05
2.383002251171717e-05
2.382435537207073e-05
2.38187898684572e-05
2.381333215950576e-05
2.380798826440156e-05
2.380276402114134e-05
2.379766521443116e-05
2.379269746821677e-05
2.378786619594564e-05
2.37831767382346e-05
2.377863423319582e-05
2.377424367061565e-05
2.37700099106064e-05
2.376593763830925e-05
2.37620313807696e-05
2.375829547673902e-05
2.375473407489892e-05
2.375135117027583e-05
2.374815061934044e-05
2.37451360458607e-05
2.374231098389856e-05
2.373967866375892e-05
2.373724226245599e-05
2.37350045857454e-05
2.373296846513995e-05
2.373113643372449e-05
2.372951086826447e-05
2.372809397943598e-05
2.372688773810694e-05
2.372589394283864e-05
2.372511420123402e-05
2.372454999477469e-05
2.372420248430984e-05
2.372407281736599e-05
2.372416183060722e-05
2.372447015464019e-05
2.372499828506847e-05
2.372574656828164e-05
2.372671510730839e-05
2.372790377513923e-05
2.372931236660492e-05
2.373094045093893e-05
2.373278741174545e-05
2.373485247630924e-05
2.37371346285542e-05
2.373963274671098e-05
2.374234547808385e-05
2.374527134385573e-05
2.374840871066652e-05
2.375175574087507e-05
2.375531047338342e-05
2.375907073837169e-05
2.376303419815429e-05
2.37671984164578e-05
2.37715607731559e-05
2.377611843407124e-05
2.378086854637473e-05
2.378580801920549e-05
2.379093365600937e-05
2.379624214388087e-05
2.380172994698171e-05
2.380739355700712e-05
2.381322920719242e-05
2.38192330090925e-05
2.382540104317599e-05
2.383172920250587e-05
2.383821332241354e-05
2.384484905526563e-05
2.385163206941598e-05
2.385855782449653e-05
2.386562169398587e-05
2.387281901050642e-05
2.388014508447611e-05
2.388759499716286e-05
2.389516383427548e-05
2.390284661846209e-05
2.391063827200668e-05
2.391853367278429e-05
2.392652759297675e-05
2.393461482252945e-05
2.394279013184786e-05
2.39510481483407e-05
2.39593834514551e-05
2.396779069346877e-05
2.39762644262953e-05
2.398479915743934e-05
2.39933894370381e-05
2.400202975039178e-05
2.401071455171433e-05
2.40194383440695e-05
2.40281956411792e-05
2.403698081820949e-05
2.404578846615379e-05
2.40546129433028e-05
2.406344884064993e-05
2.407229066214711e-05
2.408113292062808e-05
2.408997022484982e-05
2.409879718978658e-05
2.410760841708992e-05
2.411639861055193e-05
2.4125162485511e-05
2.413389482303074e-05
2.414259043082012e-05
2.415124416099701e-05
2.415985097492523e-05
2.416840589081204e-05
2.417690399614258e-05
2.418534039350106e-05
2.419371025652595e-05
2.420200895070224e-05
2.421023182375137e-05
2.421837429622542e-05
2.422643192012686e-05
2.423440036114499e-05
2.424227537378698e-05
2.42500526788092e-05
2.42577282651979e-05
2.426529816546008e-05
2.427275852134869e-05
2.428010547728121e-05
2.428733540416061e-05
2.429444480522847e-05
2.430143022635889e-05
2.430828836974541e-05
2.431501605038022e-05
2.432161022269952e-05
2.432806781271779e-05
2.433438607241101e-05
2.434056225553149e-05
2.434659384320526e-05
2.435247829257747e-05
2.435821338675481e-05
2.436379680670342e-05
2.436922657000906e-05
2.437450074754821e-05
2.437961753809503e-05
2.438457522035975e-05
2.438937229332083e-05
2.439400740783526e-05
2.439847926449801e-05
2.440278670245988e-05
2.440692877669903e-05
2.441090459992523e-05
2.441471351399827e-05
2.441835483590893e-05
2.442182815975968e-05
2.442513318356987e-05
2.442826965065592e-05
2.443123754325427e-05
2.443403695284729e-05
2.443666808460421e-05
2.443913122274211e-05
2.444142687885176e-05
2.444355567909895e-05
2.44455183100456e-05
2.444731565720559e-05
2.444894864161995e-05
2.445041839571616e-05
2.44517260723498e-05
2.445287307395461e-05
2.445386086602497e-05
2.445469098333319e-05
2.445536505035761e-05
2.445588493760198e-05
2.445625245250937e-05
2.44564697187144e-05
2.445653879856735e-05
2.445646191606698e-05
2.445624137248359e-05
2.44558796191896e-05
2.445537914397278e-05
2.445474251100421e-05
2.445397245054437e-05
2.4453071689301e-05
2.445204321599448e-05
2.445088989233568e-05
2.444961473280216e-05
2.444822088509824e-05
2.444671150136912e-05
2.444508977372806e-05
2.44433590745885e-05
2.444152277192302e-05
2.443958434295013e-05
2.443754718761681e-05
2.443541491015111e-05
2.443319110501108e-05
2.443087941195188e-05
2.442848356487559e-05
2.442600727992073e-05
2.442345430253567e-05
2.442082842168958e-05
2.44181335364857e-05
2.441537347674938e-05
2.44125521451366e-05
2.440967351269308e-05
2.440674145987032e-05
2.440375991241694e-05
2.440073289822209e-05
2.439766440609503e-05
2.439455834668536e-05
2.439141870347328e-05
2.438824953454599e-05
2.438505475144126e-05
2.438183833852747e-05
2.437860427573213e-05
2.437535650567924e-05
2.437209890882031e-05
2.436883545264834e-05
2.436557002205575e-05
2.43623064211107e-05
2.435904854358739e-05
2.435580019799488e-05
2.435256511645889e-05
2.43493470328815e-05
2.434614964030857e-05
2.434297661313423e-05
2.433983157068553e-05
2.433671802748449e-05
2.433364002119021e-05
2.433059994899622e-05
2.432760182458082e-05
2.432464884716268e-05
2.432174438382617e-05
2.431889163467815e-05
2.431609374653476e-05
2.431335382535593e-05
2.431067487851379e-05
2.430805981123996e-05
2.4305511538536e-05
2.43030328554994e-05
2.43006265057133e-05
2.42982951066395e-05
2.429604123754814e-05
2.429386735780525e-05
2.429177585572262e-05
2.428976907342673e-05
2.428784928376615e-05
2.428601858728285e-05
2.428427906586705e-05
2.42826326353196e-05
2.428108119190142e-05
2.427962654483196e-05
2.427827037276842e-05
2.427701426821471e-05
2.427585974640323e-05
2.427480816180605e-05
2.427386092396233e-05
2.427301919905034e-05
2.427228415147198e-05
2.42716567875334e-05
2.427113800784753e-05
2.427072868549374e-05
2.427042954789016e-05
2.427024122919619e-05
2.42701643147214e-05
2.427019923256779e-05
2.427034632201952e-05
2.427060586551733e-05
2.427097801405154e-05
2.42714628191365e-05
2.42720603065294e-05
2.427277028438368e-05
2.427359256440553e-05
2.427452686326603e-05
2.427557275996861e-05
2.427672980243045e-05
2.427799736715031e-05
2.427937479509978e-05
2.428086139705243e-05
2.428245623242731e-05
2.428415842992138e-05
2.428596697523489e-05
2.428788073416399e-05
2.428989857339303e-05
2.429201925391311e-05
2.429424138661318e-05
2.429656359570487e-05
2.429898441214107e-05
2.430150225229966e-05
2.430411548104416e-05
2.430682239129567e-05
2.430962123600722e-05
2.431251016687952e-05
2.43154873063034e-05
2.431855063367294e-05
2.432169816302121e-05
2.432492779735895e-05
2.432823745479595e-05
2.433162489978713e-05
2.433508782928584e-05
2.43386240530441e-05
2.434223113656486e-05
2.434590672617531e-05
2.434964839892473e-05
2.435345366613717e-05
2.435732003469582e-05
2.436124499105574e-05
2.436522580584466e-05
2.436925998239303e-05
2.4373344823303e-05
2.437747767025655e-05
2.438165583296126e-05
2.43858764967797e-05
2.439013699895298e-05
2.439443459589796e-05
2.439876644722005e-05
2.440312978890802e-05
2.440752177967909e-05
2.441193966351562e-05
2.441638057160134e-05
2.442084172216141e-05
2.442532025970223e-05
2.442981336514549e-05
2.443431818655029e-05
2.443883194569452e-05
2.444335180040724e-05
2.444787493072198e-05
2.445239857973291e-05
2.445691995411892e-05
2.446143634404763e-05
2.446594497662602e-05
2.447044309938917e-05
2.447492799273476e-05
2.447939702410196e-05
2.448384748632293e-05
2.448827685075372e-05
2.449268246085268e-05
2.449706177110045e-05
2.450141223331315e-05
2.450573136769663e-05
2.451001674508291e-05
2.451426592653405e-05
2.451847652995554e-05
2.452264630559142e-05
2.452677289266347e-05
2.453085407072564e-05
2.453488763975997e-05
2.453887145925648e-05
2.454280346686488e-05
2.454668163309748e-05
2.455050393734837e-05
2.455426846825759e-05
2.455797334199872e-05
2.456161667652168e-05
2.456519674698399e-05
2.456871194311816e-05
2.457216057383249e-05
2.457554099510872e-05
2.457885177431507e-05
2.458209140421275e-05
2.458525850634885e-05
2.458835174667939e-05
2.459136988175459e-05
2.459431171430992e-05
2.459717610925338e-05
2.459996204162707e-05
2.460266841186609e-05
2.46052943619901e-05
2.460783905355868e-05
2.461030167566491e-05
2.461268153286511e-05
2.461497790573475e-05
2.46171902684722e-05
2.461931806951867e-05
2.462136090919387e-05
2.462331835850762e-05
2.462519011903197e-05
2.462697598559771e-05
2.462867576014105e-05
2.463028936361411e-05
2.463181671785719e-05
2.463325787882553e-05
2.463461293267244e-05
2.463588210410705e-05
2.46370656018513e-05
2.463816368170058e-05
2.463917672201887e-05
2.464010519087623e-05
2.464094952081552e-05
2.464171031224538e-05
2.46423881327118e-05
2.46429836732176e-05
2.464349767183904e-05
2.464393093948303e-05
2.464428437320976e-05
2.464455878126159e-05
2.464475519747822e-05
2.464487463793574e-05
2.464491815601377e-05
2.464488691877875e-05
2.464478207908627e-05
2.464460483242448e-05
2.464435650129104e-05
2.464403839219642e-05
2.464365188803441e-05
2.464319838946238e-05
2.464267938950826e-05
2.464209638919357e-05
2.464145090108616e-05
2.464074449370912e-05
2.463997886525959e-05
2.463915562245234e-05
2.463827642973371e-05
2.463734305102605e-05
2.463635724758717e-05
2.463532076468766e-05
2.463423541509968e-05
2.463310300182542e-05
2.463192546464654e-05
2.463070466518502e-05
2.462944253345256e-05
2.462814093995291e-05
2.462680184667221e-05
2.462542724668282e-05
2.46240191543734e-05
2.462257946156399e-05
2.462111022794033e-05
2.461961345900932e-05
2.461809118425862e-05
2.461654539764879e-05
2.461497814731928e-05
2.461339144765873e-05
2.461178739032732e-05
2.461016797195015e-05
2.460853526642381e-05
2.460689123839899e-05
2.460523795289049e-05
2.460357746425501e-05
2.460191171671511e-05
2.460024274597572e-05
2.459857255576736e-05
2.459690303879825e-05
2.459523623876692e-05
2.459357405015794e-05
2.459191845805009e-05
2.459027138446146e-05
2.458863468479677e-05
2.458701019936171e-05
2.458539977290286e-05
2.458380528658211e-05
2.458222821655198e-05
2.458067615762616e-05
2.457914002551576e-05
2.457762683505393e-05
2.457613826134519e-05
2.457467595107232e-05
2.45732415020683e-05
2.457183653081785e-05
2.457046254722428e-05
2.456912109582987e-05
2.456781362170091e-05
2.456654159210814e-05
2.456530636685272e-05
2.456410931017672e-05
2.456295173658418e-05
2.456183490107122e-05
2.456076009238473e-05
2.455972846515664e-05
2.455874117579526e-05
2.455779932741819e-05
2.455690394320698e-05
2.455605604367861e-05
2.455525667333092e-05
2.455450663951808e-05
2.455380687749198e-05
2.455315817151416e-05
2.455256132982697e-05
2.455201708162491e-05
2.455152608327182e-05
2.455108896715075e-05
2.455070631945944e-05
2.45503786873158e-05
2.455010649438094e-05
2.454989029132548e-05
2.454973035259655e-05
2.454962703257735e-05
2.454958064301849e-05
2.454959145481439e-05
2.454965952214394e-05
2.454978511856609e-05
2.454996826184441e-05
2.455020904967853e-05
2.455050741101417e-05
2.455086332009415e-05
2.455127670586421e-05
2.455174733473342e-05
2.45522751027849e-05
2.4552859732907e-05
2.455350090624364e-05
2.455419829505701e-05
2.455495151920672e-05
2.455576015858441e-05
2.455662375222545e-05
2.455754180719083e-05
2.455851371774287e-05
2.455953889946016e-05
2.456061672440057e-05
2.456174653264753e-05
2.456292760122381e-05
2.456415920004673e-05
2.45654405146567e-05
2.456677070927782e-05
2.456814887974446e-05
2.456957418228711e-05
2.45710456985293e-05
2.457256244436934e-05
2.457412333356501e-05
2.457572740244274e-05
2.457737356476031e-05
2.457906078490169e-05
2.458078795264385e-05
2.458255383608332e-05
2.458435735519515e-05
2.458619724787781e-05
2.458807236571658e-05
2.458998139420743e-05
2.45919230961178e-05
2.45938962075698e-05
2.459589940606577e-05
2.459793139930611e-05
2.459999078130437e-05
2.460207622334565e-05
2.460418643934759e-05
2.460632000289564e-05
2.460847546714717e-05
2.461065147940644e-05
2.461284654842189e-05
2.46150593694594e-05
2.461728848590639e-05
2.461953244381476e-05
2.462178982742813e-05
2.462405912950771e-05
2.462633898137057e-05
2.462862790153508e-05
2.463092446092219e-05
2.463322718870842e-05
2.463553467002555e-05
2.463784545003733e-05
2.464015810410558e-05
2.464247120226304e-05
2.464478331987152e-05
2.464709304916823e-05
2.464939900193031e-05
2.46516997268742e-05
2.465399391748946e-05
2.465628010117626e-05
2.465855705402475e-05
2.4660823332745e-05
2.466307769477538e-05
2.466531875455757e-05
2.466754526508907e-05
2.466975592874121e-05
2.46719494523262e-05
2.4674124660784e-05
2.467628031421754e-05
2.467841522424408e-05
2.468052818471733e-05
2.468261812715866e-05
2.468468387828437e-05
2.468672429856156e-05
2.468873837280228e-05
2.469072503963332e-05
2.469268332294661e-05
2.469461214893443e-05
2.46965106356356e-05
2.469837780427753e-05
2.470021274447731e-05
2.470201461601818e-05
2.470378255292616e-05
2.470551573896529e-05
2.470721339964399e-05
2.470887478800421e-05
2.471049921304314e-05
2.471208596865893e-05
2.471363438250052e-05
2.47151439198845e-05
2.471661390934798e-05
2.47180438561756e-05
2.471943317061687e-05
2.472078143167522e-05
2.472208822723587e-05
2.472335317271757e-05
2.472457579028031e-05
2.472575581169423e-05
2.472689293142594e-05
2.47279868341721e-05
2.472903731209897e-05
2.473004415914914e-05
2.473100729716293e-05
2.473192647922673e-05
2.473280166803704e-05
2.473363283606034e-05
2.473441988559699e-05
2.473516288059585e-05
2.473586185747223e-05
2.473651688816858e-05
2.473712808281903e-05
2.47376956252765e-05
2.473821966564316e-05
2.473870046237892e-05
2.473913818867857e-05
2.473953315540456e-05
2.473988566631391e-05
2.474019608200706e-05
2.474046472755731e-05
2.47406920541593e-05
2.474087847126327e-05
2.474102448868365e-05
2.474113052919336e-05
2.474119716211476e-05
2.474122489726227e-05
2.474121434126175e-05
2.474116605100107e-05
2.474108065175784e-05
2.474095885052208e-05
2.474080130010492e-05
2.474060864710026e-05
2.474038168731596e-05
2.474012113307111e-05
2.473982773221195e-05
2.473950227344091e-05
2.473914558809298e-05
2.473875849151597e-05
2.473834177507683e-05
2.473789636248114e-05
2.473742316055905e-05
2.473692295179575e-05
2.473639674516193e-05
2.473584543327689e-05
2.473526997537334e-05
2.473467129426865e-05
2.473405035541276e-05
2.473340813402558e-05
2.473274561332062e-05
2.473206380493309e-05
2.473136370362283e-05
2.473064626951071e-05
2.472991254443002e-05
2.472916359064214e-05
2.472840036293888e-05
2.472762395999695e-05
2.472683544318954e-05
2.472603577619026e-05
2.472522600704963e-05
2.472440722645075e-05
2.472358044247613e-05
2.472274670051178e-05
2.472190703972643e-05
2.472106247175532e-05
2.472021408106428e-05
2.471936285530774e-05
2.471850980700907e-05
2.47176559726725e-05
2.471680238880225e-05
2.471595000308469e-05
2.471509985557674e-05
2.471425291261653e-05
2.471341016896389e-05
2.471257259184512e-05
2.47117411200648e-05
2.471091667199943e-05
2.471009699345217e-05
2.47092886747069e-05
2.470849322833146e-05
2.470770626050722e-05
2.47069308407788e-05
2.470616794347791e-05
2.470541828980544e-05
2.470468279547333e-05
2.470396220388693e-05
2.470325737036205e-05
2.470256902054047e-05
2.470189791203836e-05
2.470124480158375e-05
2.470061037751492e-05
2.469999536991452e-05
2.469940043603458e-05
2.469882625355524e-05
2.469827346729403e-05
2.469774263413882e-05
2.469723435094551e-05
2.469674926697252e-05
2.469628780321642e-05
2.469585058939572e-05
2.469543803940155e-05
2.469505070479272e-05
2.469468893462334e-05
2.469435322627334e-05
2.469404392879682e-05
2.469376144631497e-05
2.469350615896815e-05
2.469327839360602e-05
2.469307835895052e-05
2.469290635787047e-05
2.469276274030818e-05
2.469264762527956e-05
2.469256125703367e-05
2.469250382741706e-05
2.46924754767619e-05
2.46924763409595e-05
2.469250646175425e-05
2.469256598391922e-05
2.469265492432982e-05
2.469277330963138e-05
2.469292110340859e-05
2.469309832608957e-05
2.469330495191713e-05
2.469354085476994e-05
2.469380591652026e-05
2.469410003502759e-05
2.469442308239422e-05
2.46947749173998e-05
2.469515529224253e-05
2.469556405415574e-05
2.469600089316515e-05
2.469646563607597e-05
2.469695792939319e-05
2.469747751998597e-05
2.46980240659056e-05
2.46985972500724e-05
2.469919669145781e-05
2.46998220054806e-05
2.470047278890775e-05
2.470114863850625e-05
2.470184909952877e-05
2.470257368791806e-05
2.470332194981495e-05
2.470409340471491e-05
2.470488750638822e-05
2.470570376900127e-05
2.470654161523811e-05
2.470740050775078e-05
2.470827993317215e-05
2.470917928398819e-05
2.471009794202672e-05
2.471103531487273e-05
2.471199075504416e-05
2.47129636488097e-05
2.471395333181192e-05
2.471495917433231e-05
2.471598049336166e-05
2.471701662454251e-05
2.471806691417555e-05
2.471913061619091e-05
2.472020706356659e-05
2.472129555375346e-05
2.472239539486054e-05
2.47235058346007e-05
2.47246261544376e-05
2.472575565803936e-05
2.472689359489522e-05
2.472803921182987e-05
2.472919177076704e-05
2.473035059402662e-05
2.473151494086778e-05
2.473268406077977e-05
2.473385719792276e-05
2.473503360533869e-05
2.473621254672764e-05
2.473739329200697e-05
2.473857512530486e-05
2.473975735295397e-05
2.474093918980458e-05
2.47421199270903e-05
2.474329882673487e-05
2.474447515421474e-05
2.474564827270598e-05
2.474681741304607e-05
2.474798198548456e-05
2.474914121286531e-05
2.475029445569987e-05
2.475144100166915e-05
2.475258021927829e-05
2.475371147525607e-05
2.475483409813961e-05
2.47559474670922e-05
2.475705092930269e-05
2.475814390745512e-05
2.475922579403544e-05
2.476029596643059e-05
2.476135389883893e-05
2.476239895710108e-05
2.476343068558151e-05
2.476444850163517e-05
2.476545190965851e-05
2.476644035809272e-05
2.476741337620325e-05
2.476837044707025e-05
2.476931116657255e-05
2.47702350382184e-05
2.47711416756502e-05
2.477203057349442e-05
2.477290143243494e-05
2.477375379505986e-05
2.477458735139493e-05
2.477540169731896e-05
2.477619653440399e-05
2.477697149050329e-05
2.477772634712494e-05
2.477846079429469e-05
2.477917455134815e-05
2.477986737492444e-05
2.478053906784794e-05
2.478118932547346e-05
2.478181803144963e-05
2.478242503656247e-05
2.478301004948946e-05
2.478357307555967e-05
2.478411392647928e-05
2.478463251609497e-05
2.478512872006178e-05
2.478560251262252e-05
2.478605382538746e-05
2.478648267523198e-05
2.478688896534464e-05
2.478727275612158e-05
2.478763405200368e-05
2.478797290184076e-05
2.478828934826538e-05
2.478858343657464e-05
2.47888553044362e-05
2.478910502112797e-05
2.478933275895656e-05
2.478953864759603e-05
2.478972278296965e-05
2.478988533116677e-05
2.479002652489015e-05
2.479014656309175e-05
2.479024570245514e-05
2.479032408153614e-05
2.479038201830264e-05
2.479041977920815e-05
2.479043761649535e-05
2.479043584990848e-05
2.479041473879562e-05
2.479037463132272e-05
2.479031584101676e-05
2.479023866364116e-05
2.479014352996245e-05
2.47900308156801e-05
2.478990079346488e-05
2.47897539775721e-05
2.478959073659581e-05
2.478941144357094e-05
2.478921654081034e-05
2.478900647506777e-05
2.478878159539732e-05
2.478854241338979e-05
2.478828939977973e-05
2.47880230004327e-05
2.478774366920788e-05
2.478745194611776e-05
2.478714822728989e-05
2.478683305184859e-05
2.478650689141659e-05
2.478617028600638e-05
2.478582371967519e-05
2.478546769513201e-05
2.478510270709222e-05
2.478472933820086e-05
2.478434807784424e-05
2.478395946159395e-05
2.478356398771808e-05
2.478316223708532e-05
2.478275466355484e-05
2.478234180625094e-05
2.47819242753522e-05
2.478150252294142e-05
2.478107713255184e-05
2.478064861044516e-05
2.478021749041659e-05
2.477978430182048e-05
2.477934956246486e-05
2.477891379992769e-05
2.477847754356333e-05
2.477804128098171e-05
2.477760557439979e-05
2.477717087323583e-05
2.477673776724032e-05
2.477630668451525e-05
2.477587813842774e-05
2.477545261392322e-05
2.477503060305253e-05
2.47746106598612e-05
2.477419675628312e-05
2.477378870757718e-05
2.477338784867555e-05
2.477299042080716e-05
2.477259926880748e-05
2.477221479590952e-05
2.477183748528233e-05
2.47714677081845e-05
2.477110593268605e-05
2.477075248030758e-05
2.477040773385397e-05
2.47700721267563e-05
2.476974599918691e-05
2.476942976414875e-05
2.476912368098994e-05
2.476882811741632e-05
2.476854341626478e-05
2.476826985731151e-05
2.476800780826238e-05
2.476775751247828e-05
2.476751923108367e-05
2.476729326161831e-05
2.476707985721305e-05
2.476687928076871e-05
2.476669171169732e-05
2.47665173924716e-05
2.476635656734061e-05
2.476620939262375e-05
2.47660760503976e-05
2.476595672362691e-05
2.476585154909117e-05
2.476576067245162e-05
2.476568425358039e-05
2.476562240172342e-05
2.476557519237588e-05
2.476554274988274e-05
2.476552514973918e-05
2.476552243013685e-05
2.476553465236009e-05
2.476556189190404e-05
2.47656041576505e-05
2.476566143716497e-05
2.476573377219182e-05
2.476582110766401e-05
2.476592347910866e-05
2.476604084122869e-05
2.476617309810081e-05
2.476632022574421e-05
2.476648215576915e-05
2.476665877804152e-05
2.476685000107892e-05
2.476705572362903e-05
2.476727587907845e-05
2.476751027113977e-05
2.476775875237536e-05
2.476802126682998e-05
2.476829755071464e-05
2.476858745126265e-05
2.476889081837186e-05
2.476920745753119e-05
2.476953715646601e-05
2.476987971267164e-05
2.47702348694645e-05
2.477060236305562e-05
2.4770982044231e-05
2.477137359147008e-05
2.477177676496467e-05
2.477219133290021e-05
2.477261699507238e-05
2.47730534796986e-05
2.477350047769278e-05
2.47739577341477e-05
2.477442489734472e-05
2.477490171681751e-05
2.477538781242572e-05
